200
658171539 617360057 704752289 841137994
157227407 263396205 414177883 731534907
424743084 194382278 424743084 957343350
973066834 268591984 309899917 86931403
290010303 759354249 168323360 674502711
35577984 519353404 819947749 415726821
627343393 29268849 627343393 905422616
459934411 219774566 909055923 693389048
86697664 64472255 86697664 809134750
210541694 85967454 945368887 85967454
266032730 956200413 778474919 634197961
785505965 112835491 16252824 589603891
649168920 389582743 243418395 708011462
122856780 97219527 182156898 97219527
441517465 580656015 171589964 580656015
81531945 160982212 160982212 846951625
440186038 432169965 440186038 82361958
872426253 787345050 625309350 453801985
558013615 892398669 975254879 218192157
280095561 558583120 346602889 9664652
988046178 842058053 842058053 574272172
964930919 604037862 761729917 779170916
760413811 342833023 477742478 536707527
84823101 705431851 104652484 764734374
537933649 539903833 539903833 71047222
917313495 587025413 917313495 404315126
929855118 968803571 929855118 210663600
539729490 102173877 539729490 336710750
797492864 467213691 608247445 632017448
129054864 243047370 669434931 243047370
877520397 33385087 33385087 737264749
272171476 176969105 161638559 766575714
830157434 526798910 948919994 889277944
71391359 129655787 71391359 306938829
385154883 267352089 890971280 164134373
237345522 135359367 184175979 710088564
958240037 757151504 587498411 839937664
388252674 890524399 200397805 890524399
842029750 607043619 991993425 103933774
114781013 801481985 440402590 744135981
976810432 233561454 691378598 612814192
911995112 766048826 270783453 924027527
470743859 229557304 141286238 389264930
859411247 440303180 798169529 642600659
205327763 252059495 399702150 249496927
419957256 168343208 983052079 370028889
377767301 500352355 409670061 789234293
772334499 208841948 997495659 792231730
505422822 930140558 505422822 349911078
235612209 10424646 182797292 294515628
609094804 380865563 105094066 171931159
642623483 836295807 642623483 185340851
569092591 905149537 163995316 12059620
300029784 387816835 387816835 732963220
635153329 557428243 388131494 557428243
508692235 977955906 642224202 93609928
420210645 839149172 420210645 574591986
697320820 21236465 697320820 51090363
969688915 907978242 919125369 250419275
145352699 61852752 717627538 295610948
286199430 354306452 773662018 948947533
148890749 472203449 148890749 187609139
338567373 796169353 338567373 926124925
313277911 384403640 559428335 497370943
11693302 703138085 911125349 703138085
711776979 867378194 651849410 945257871
89711980 750931846 322808432 760336222
863454988 633379608 863454988 7379792
399564156 472897768 399564156 92441708
430880479 932544375 932544375 33351534
155909402 305223569 561132039 184880162
946561897 420066788 171008828 75551583
802138176 965702512 802138176 52400732
80660783 830899095 830899095 90980396
625578845 451734164 457303416 90470054
692784020 588101609 101157994 588994156
366435026 897590557 263518225 940252552
946256814 331284010 946256814 65151906
728126501 130534455 728126501 636785897
296941259 70938524 296941259 376213577
405074977 134888369 739862559 775552427
420267792 691420407 150463622 572563570
417034142 957820377 489393035 953658704
906629894 255160248 753380569 255160248
380579537 501282542 392232232 161804329
550788899 423790788 861275926 65308505
397549343 31751405 621801142 429865279
893723753 102712311 463940095 102712311
104084501 928042029 928042029 602240238
497101418 243879901 292271586 655065535
529867033 319813811 761802191 777197677
258369210 725340616 258369210 811217702
823077848 929897208 823077848 314862352
341619852 482172979 941450689 482172979
717807740 373990979 717807740 121361409
30415604 277323004 215897313 348338212
932439546 105005075 967132583 714939639
261130394 387259462 648775310 387259462
211463144 275862892 278738893 894493896
908460333 140894282 920437261 140894282
354151908 564524169 238235 420482386
856837920 9610300 450701887 76475940
552822297 787684099 316467932 674546063
308808963 110844522 110844522 29017525
145522209 614145872 913540136 614145872
184128162 859015020 117914613 196394695
671842131 671894433 629402664 188172125
382558153 403064201 403064201 445962787
987043540 788182100 501227212 522653786
156054230 799338321 455558618 197975360
482840972 653588355 142244826 210845373
196847626 978206382 948746073 978206382
711142152 208377536 711142152 652280273
135693623 760401168 356925534 760401168
341402377 280961455 254339272 709740036
616327221 459022887 376071045 417767047
101594316 721387954 101594316 772798649
86977111 737366897 737366897 715357899
100826929 631092619 631092619 738393451
347751888 167658871 165410296 696768208
668825140 24778877 24778877 459837985
527468331 848591230 74180019 848591230
409926685 986482900 553401115 326508994
894429247 866951388 861028634 186735174
529292603 27145905 195322569 876992482
655526332 540236872 114993741 992102372
709821562 521810463 207003941 568365356
409034852 538308156 722814797 890018676
457444096 309019569 467117710 379417196
623889857 799421583 358749856 799421583
140620974 810287319 361105037 372564662
259361937 88127369 88127369 19876337
573496181 52280210 691652389 676483498
665839638 590815313 950456148 458475074
779770582 830522128 830522128 494557342
208302387 754276354 252573953 686273730
816808258 210464641 392258352 997395201
247351946 133838467 247351946 561876038
438194001 270587740 97387483 299983147
100930003 397862303 397862303 721503127
12354858 918945714 791590746 918945714
882951921 92922030 871745216 926438621
669587199 728643201 859871347 728643201
464032121 998481845 442573240 57436531
168251645 770326420 502938363 417562079
680409956 816541592 948670508 149844724
761622506 580986856 885351019 441766471
122900779 622407994 485798638 211508029
41955643 578994716 253963333 639583627
242689612 680780990 12580648 938512148
308739754 630336708 308739754 355008825
851941859 391473284 116873932 675565830
14176816 5619708 954275118 430694718
637486134 396376932 757390469 866749782
124548138 46855220 762569140 691826679
465684551 431119882 2704670 431119882
493537042 37591187 686123203 144502876
635169430 69667674 681618951 764913027
883236502 153656452 369190480 299548655
59570910 649033743 45828276 446635508
399069038 808808205 97482405 174907406
130447527 214811081 214811081 155421584
802486369 610682669 610682669 777587363
857715281 597263126 574212557 557153926
214742283 857929763 255400240 568367397
161743956 98390885 98390885 393349402
873394544 308182676 308182676 615392380
443329749 574196867 890556279 59827102
927408426 411655793 289129922 272767726
130250703 470162813 125776257 898137848
501081965 692420761 598001496 262923535
888818845 73629688 826274745 786535763
577033004 472196411 336841196 825467322
835195830 684203863 200518645 511634725
154208600 356037978 281486092 475729169
139942090 457937740 378970504 150903842
599661073 191071435 191071435 753181946
161396554 946585081 161396554 865457147
405253214 419523175 572645624 593922576
470569833 301725975 473863516 317622211
441069769 239304968 739263166 680719091
996088399 865661894 875589613 988108850
943685508 238234121 943685508 473360160
513135687 370922686 192688639 139632667
59992767 510629593 934338366 272744299
461986836 120428338 159259047 839269939
410105619 856242389 145931838 573673446
342914809 425696299 342914809 356379900
689227129 425257900 958409535 708684324
661570936 102245700 677591287 590857706
803900041 527586105 803900041 567010687
455583361 240148786 639504054 165646915
937305417 493539847 493539847 673156356
680007998 613257882 613257882 343414696
47101885 308453697 710718616 976870300
93970752 874284866 93970752 688892336
283547938 49549141 866545648 728805251
61143787 497939387 61143787 874759084
403509827 338713099 338713099 661708014
766608643 862286121 246402091 892035483