200
240935661119441540 439646620174934773 365953364798240157 387741531071538407
335409009086659413 931633623657489756 177168754149306173 174826119926095736
906269132671770355 267103042835054195 267103042835054195 476738843760580603
558501900947127341 146262120430250692 135741116657922918 830178146669019471
530383425534698841 28836861458253177 530383425534698841 524883447063241614
971955848881849466 179075128864838942 505440615492675143 691754747755236922
848919675663150962 807482958574720018 771201307973703223 807482958574720018
831746506812565263 134479454500619924 49123399134371217 134479454500619924
108127540289046566 185561619983984137 108127540289046566 856581279417005310
243905233424718360 740729747933908262 243905233424718360 221833121874488382
907527995713516806 194672023277238936 989850174220939569 782129675013611945
662094260679550069 342695615571707524 745485914205098759 338901291222453164
681700841215230480 667797486956379547 216188537003683210 338812141938286395
698377584935899596 607185280990792492 461292169229211230 102353988272098659
915144257644338845 699410308822303859 293451241328064161 807486759798231738
400688427750161297 694070241017637126 231608923951155598 694070241017637126
276096108901885526 545828239059772965 954330356118881768 837592550469564182
844822100683593093 31073096852289945 31073096852289945 6485063275102374
546124172787689569 909314107013066171 483497519234857491 909314107013066171
276872236811349246 881112411508301636 881112411508301636 117577795435404330
885531446765505498 407355393332105096 407355393332105096 918971637326253999
818571632196689967 636568300198097758 818571632196689967 742906053060801130
535434724833385502 299691254513496415 410969389250278139 902429540843454749
810409830945815926 813275043007418489 645002596952562633 385318070454216173
60123300453852549 597775378713585920 56855283669657221 79982094359583023
919312777447528362 8309612644371122 786668574773178047 981315913254174448
591894219412437043 530243556621321400 260897192202767952 679300761112516377
296494236706712755 492053876075591375 321558527692692848 893711229215301626
146350311306673105 255113040467520765 413031831947811792 218943796056798258
271465699201155456 979171105989357309 271465699201155456 681540168839725501
661448375324581524 701086232466514245 454323617418452256 380076514218880794
336522012467596259 579719727596230122 68079143694627041 738904986802777853
154676962343526377 158813466426052445 600075821593282457 115665150157677020
554307122995483324 242796095096356782 916403154040416192 990510247365658279
39369144465873864 318280681943705351 141779551770595251 318280681943705351
72126782572366801 937483094135050204 149374686655486215 838335177121663068
728039639306001436 356534677065765537 701583519621814860 839693050589237489
318431594423372194 164097017181855065 87097367898901127 410788736501353814
797154003346181522 238772272414854520 697622287032073413 587921579732305929
236088357186447275 839759187740621047 524913054656263587 47016489459931503
877312510416566329 989135568930790721 741613636245360560 155087147812875090
103489576535600298 20718269273720393 569352814785753798 159161759214865499
519598005668060704 26016927435962861 519598005668060704 227449414228922304
10248877984278179 543587870449465215 558028452986481753 543587870449465215
793510280451915433 250572096906783680 250572096906783680 108455713831901851
455243379942639523 997686309390791382 394620694764959074 334385486350114243
706559696439135446 480542781461656809 228775547062674849 519013452464149258
100662308253495140 972923698346910089 12330129156642882 972923698346910089
246430682920733767 704374615884152599 704374615884152599 41836367408622504
961465623123029419 451711758775882317 294258391357677048 583235034872369559
239429959015831387 877087518401871714 877087518401871714 999963375714775107
683422126955155731 794974015714496743 186328058211523 382080834436960517
758525598021455933 888559753513848990 665052595183118128 769190550636330723
144573062195340044 420336917691288681 923353511759634948 420336917691288681
897270790567499874 259708126108230607 656217174270659527 689208900404624565
856063447583734082 183055826678869511 856063447583734082 971121026178380544
428189911559150239 604813886202006944 996217353537167117 373574074757173100
924952587055217692 884506400590057311 884506400590057311 559274676681463814
729539688673895307 593757018856308220 88719285629735517 961113943919691586
147058138228355989 865513365706259838 660709990343245456 630213386281995664
621806745744650111 576399803197093756 466192255983602039 576399803197093756
357848927425673682 87354706407196259 87354706407196259 573002490158879213
927284461392784424 27587789137196097 970415894779340842 546661534593517703
955830232360726974 369442659286328027 8602844428506082 440740112244575732
166405781524161770 827937637547273384 63679152276570717 199420314724965213
869546217184470551 397272941966257134 397272941966257134 533711503455065464
78918753541698139 851954406870421981 287852467072930214 777121284551159985
533210017763483063 124617254147809320 581238766267345427 929492511158451791
166956015382300935 650724007522024176 852742699987032414 424976938653868812
994392865605088381 647159015765034622 765394403876531022 211648739912458974
629233543913364130 715958027993243221 629233543913364130 393428120749033424
299039540409800459 513017665847616015 492093692102089173 513017665847616015
915240755337884833 410444575379482663 915240755337884833 19989265711277333
420159244910104106 850240227170049927 983703517492016509 325201595344183256
507660900631483157 820474785138865662 398014654749642565 27818363476948269
692490951082811635 843603081336927287 602093097865312513 316694678204475575
464793456303097092 610233558740818220 773042122117801446 274836731215417998
395448914352276241 354202834307656421 963987508601227473 804348187883353356
238539649339023412 321341070682393509 321341070682393509 805805737461258399
992796351300108569 623711932845982239 623711932845982239 478511905490340553
174159175753451728 208672838927384552 767873829668135665 208672838927384552
712190486843990683 733291250888919732 624138356057832055 884304181989189241
720159943363609961 822263122204576487 527723065855566899 232731310580550913
903608629607715267 173428107248985958 797615724882767102 852991873174748819
677426109946661617 581688474870215324 370518708856816072 496572736365784667
112768023585586119 785456478444667432 768085063154196512 80219447068501533
864464491407915667 534935086602140779 995784076779934982 601922500673673772
618285026000861791 296781529548477486 296781529548477486 779155986984433912
438420877568637847 538752592583152746 939194427295985536 258825799766269405
841437100988848977 243065003207805542 174822373743090539 719307158775380722
906533069104497727 845386281265173340 961320264268215242 67164157431711060
443213812288537417 790400762361061957 328862858300339342 401675286350444734
57376892663107431 758224502924241242 356471129487881288 46405860144235887
111525519172343313 670093874810059331 240696842871649292 155894423706024731
24233897956897511 436292961936177093 838082834524049854 296683439272338228
428338378815814207 795072801169184835 995499906933529862 610031471913222047
327088019230592560 186310698743134668 327088019230592560 319498008274853452
799687952463046790 262419722257621367 898995384628290308 272249012142411116
127126318813587815 494027918462113919 553474749650443782 494027918462113919
808431172375043235 637030093729123927 516942698591705083 270875467008463160
70780544841738681 603794356439736884 700173547050934160 603794356439736884
18998542108332725 678576659991194937 678576659991194937 465934666610871432
53117327081002370 951666353132241714 176032812782348143 698350325239499698
814099765272841793 880799496313365157 334727304666174710 374835407965160616
758755279611948890 735702555680637602 500590374514347337 766488966303442750
364404280367314329 532976696406992134 786552241460112755 532976696406992134
725175933682161920 220972889595799044 634000729315132110 901680663710026750
672539441122190658 779028518480237182 779028518480237182 9110656866956959
610171056565905008 933527290490558232 664058489351087427 929784431645345671
573707664002457043 92517020124030127 731286873520751614 756554877200479125
834319099897469455 46750554119433117 46750554119433117 31792302997351026
58614958227342061 995094001987799800 58614958227342061 309557692653208722
902431917089297331 511218261236162042 645152336877484862 180400432759834799
987431944818792888 673622590867396945 60329999715322667 673622590867396945
704609263547619118 950049553987180734 704609263547619118 346407706689434295
211089365690212813 9502930191004965 929887665907342500 832747250639722620
830537026391729090 231411137370216830 783465576858345766 799749383562267220
242116911763770287 884163165758395329 700090302512859686 235645301747345475
114031431004995021 287465964618821050 114031431004995021 86779711164258554
407816262562019733 215053736461928305 902142927867928037 215053736461928305
537930348968228381 39744297258391633 39744297258391633 560501552625790439
273264943067150580 172674264572223988 221720848997290016 945862661322679066
268287982053921209 767719410571810365 21847882780622300 356643474798739680
604796672730851397 615942592475043543 456483917158999355 992332689717213862
244376158703773047 999440536242134035 358172419240888641 405882566404041660
433329903081113591 839211892236102841 281312490517740248 562102955510358885
612281464235799607 900473990688478778 562870317181129404 398896166420325119
412078535326206556 609627701095740035 209410944551799395 814853343278749944
376319070426495947 513125745294375786 260170517694768364 484694032022159782
318330305163981858 165684055794809506 788582404543409572 369628043901838206
19454107566842901 776293323170281034 696502491393659936 248682310969781285
727386022244466986 709354978359731 311573145475597946 160763988583916999
629628090609655490 109558006048491527 109558006048491527 250102202166674988
6221758343458332 984022104382047 108353780738758263 984022104382047
426713500758262312 643810468965540317 263216272627457818 120234019398905989
119976250766045354 902453952223187063 119976250766045354 64056270009345136
388321109449945197 318685567361668888 918725005647872798 938274971028848237
201517151737309416 997566622910794747 48167456491054336 102707378611108126
704430516898343665 386573680842376547 272493628353415778 243705699274071222
451313001903203896 200716369965703476 353582265824235983 200716369965703476
762840586036389702 879543899852310676 543985250520129067 513705153429200611
897842004611703206 665442739144508365 862695643943604590 613982959168443798
942725573433467343 530820672101732904 286886256680085306 535185187616951678
505556028222670124 423779274902453230 73873921663391261 879345760862934930
101448136788403371 258466299886703858 732330144964721163 421044536464327417
590871141334901100 454370241983123007 277051655102699987 537399004753357401
752854009179367568 557222988953216969 877200061901124259 337817408229741204
859005950131254271 510535181907015484 624362069453416003 860190585998399041
205126935099093386 548622349232971187 577187483245613836 37162124153150595
847503689990654734 510390492222726336 862944407894118870 396401136679601601
762661460339770284 346779008221341599 434624183944651196 720203492347570841
159985935875633564 369742467816908189 369742467816908189 88172003607904711
328667576221367304 321988859164413526 999062895838210663 246789240078859413
119498510159408566 323762942158566760 603648997983962168 438506645496511338
375410510397613546 804430987775920967 805106621174992376 958795560137052263
943787779341028331 170229658489590269 517898177320925325 647149754143927076
553615221299366483 351665886441581671 96617137517349345 53026031085855318
930141942361784954 431955418063091419 989288589056338096 582407338866619170
660586924660761125 925296580410737882 660586924660761125 616058030272267336
922394151885273213 227913947336033082 275192543954106460 227913947336033082
811531110617528362 650428062130817045 418361488852233655 992103637612909324
520066314529920240 942647266923785143 768248243351753394 91537057016319439
416066426281657800 461883502813728442 160274482482746172 248529271136662556
480070184398077475 678850578702622248 900555449828155828 681419677118841674
587194565172666951 296039705461298958 141839999469220810 296039705461298958
498132033948572862 414233742363528923 498132033948572862 406721986279181245
224167678811142594 6268155479125826 170938681395232454 809893213502161584
870412924240314824 422974233759185765 630724903879173405 985479331185442874
59684266471734865 3040815948418504 3040815948418504 60825524445921034
548290683300592651 763934265069816491 406101600346858943 763719193719387591
632214326972919573 532184204491966592 828549851352544028 532184204491966592
947091170935786054 232122661639506294 232122661639506294 252517172326184835
818736001474374982 647589225673141823 755109807712073966 647589225673141823
3859469894407381 357241562532809779 334663962158369271 194748861386213846
217469361435723321 798942742516418883 221608832070207802 26493962470239927
548279980171532160 233052864335334085 991995940651280837 637469015518634466
783256142401947875 640499576825012097 560514629323836458 224420575151501060
595056254057880067 506779245135065615 973015926682701050 150001690921453675
527481926203250985 684959159557750951 742533695237824499 560655937627720470
979473793616698241 279615669591460814 981835323379962631 426019991811555392
911979770649482827 48797063389507273 944492178159415583 265143064860458410
320655022973759224 335922067992597602 548622072522519886 527334146619793236
627442579538759465 951566875787072818 81350711582674651 293277635253052134
86192867655155727 364431474317904986 364431474317904986 784635487141224182
336987245129750409 853732656756793424 789150316275764946 684679890691648709
980559938517926656 974762201439604881 974762201439604881 103184140176483137
988920704020335952 349778583546204850 71336107513456147 653978560591602334
10743180054243961 978035079557304425 611231248882619174 344658055551733085
962571962053228164 787776002715901879 962571962053228164 498739452495432399
194064306956365066 698619939761582126 928408320992331784 930299512562273179
943368937539383497 411776313042199863 411776313042199863 504223435419801532
506649609179332445 857966875035386987 707634239761131483 857966875035386987
760804936881518181 206584274847405425 669465021947394946 636350458099652844
727634467369482412 65864855918346067 65864855918346067 429121868683395028
913824334660542872 577202342669747353 577202342669747353 16392536123678290
921517169783742563 999798586372796387 813649459115785930 915049169265746370
199629283854548385 924694827668207231 84215841109579862 540643677603709500
412628063975120973 103525863550816772 412628063975120973 44903950576406705
258858516144255529 556295077425605706 598732699316189060 394154863497182904
777242330230638324 794070208418708435 195582764182964902 70215815712416583