200
-15597 -15557
-15512 -15535
-15647 -15694
-15772 -15814
-15504 -15552
-15507 -15467
-15717 -15695
-15655 -15689
-15743 -15781
-15553 -15568
-15728 -15740
-15752 -15721
-15552 -15527
-15532 -15558
-15592 -15626
-15570 -15553
-15564 -15553
-15514 -15499
-15552 -15506
-15776 -15744
-15555 -15588
-15670 -15648
-15585 -15562
-15728 -15687
-15778 -15793
-15601 -15645
-15537 -15550
-15587 -15602
-15685 -15700
-15677 -15694
-15621 -15633
-15565 -15576
-15736 -15751
-15639 -15668
-15617 -15596
-15710 -15738
-15584 -15600
-15644 -15603
-15587 -15544
-15626 -15612
-15636 -15664
-15654 -15630
-15770 -15787
-15515 -15500
-15737 -15719
-15678 -15650
-15689 -15645
-15543 -15587
-15631 -15584
-15746 -15768
-15755 -15742
-15553 -15531
-15716 -15697
-15693 -15653
-15621 -15646
-15676 -15633
-15661 -15619
-15539 -15524
-15626 -15588
-15769 -15727
-15621 -15634
-15647 -15688
-15773 -15823
-15701 -15654
-15601 -15646
-15531 -15490
-15658 -15615
-15694 -15706
-15653 -15605
-15583 -15552
-15671 -15643
-15568 -15520
-15637 -15650
-15542 -15500
-15527 -15573
-15687 -15677
-15755 -15796
-15570 -15553
-15778 -15753
-15633 -15594
-15775 -15757
-15594 -15569
-15581 -15543
-15752 -15766
-15679 -15692
-15704 -15734
-15636 -15666
-15685 -15699
-15650 -15614
-15576 -15610
-15604 -15624
-15516 -15551
-15769 -15727
-15548 -15575
-15707 -15728
-15513 -15546
-15648 -15612
-15591 -15544
-15766 -15809
-15707 -15720
-15609 -15646
-15507 -15545
-15603 -15649
-15623 -15673
-15577 -15533
-15655 -15638
-15773 -15730
-15729 -15694
-15508 -15476
-15564 -15582
-15581 -15599
-15616 -15636
-15615 -15665
-15725 -15743
-15541 -15514
-15590 -15636
-15710 -15668
-15520 -15547
-15536 -15498
-15708 -15746
-15540 -15558
-15548 -15575
-15725 -15695
-15738 -15771
-15689 -15668
-15704 -15686
-15627 -15649
-15659 -15692
-15678 -15695
-15706 -15725
-15618 -15662
-15774 -15747
-15723 -15676
-15596 -15565
-15765 -15734
-15709 -15694
-15614 -15663
-15675 -15717
-15535 -15508
-15623 -15639
-15590 -15635
-15598 -15588
-15668 -15706
-15572 -15544
-15678 -15630
-15770 -15800
-15770 -15731
-15525 -15573
-15690 -15654
-15684 -15646
-15504 -15547
-15691 -15680
-15519 -15560
-15552 -15531
-15511 -15499
-15616 -15640
-15588 -15601
-15665 -15643
-15584 -15544
-15682 -15696
-15670 -15703
-15620 -15659
-15568 -15587
-15692 -15731
-15759 -15777
-15704 -15719
-15593 -15604
-15653 -15699
-15616 -15606
-15632 -15662
-15712 -15701
-15572 -15552
-15750 -15722
-15715 -15727
-15728 -15707
-15647 -15613
-15629 -15605
-15725 -15748
-15579 -15559
-15666 -15693
-15630 -15663
-15584 -15562
-15502 -15548
-15686 -15716
-15568 -15598
-15690 -15700
-15726 -15687
-15585 -15572
-15604 -15582
-15738 -15702
-15731 -15698
-15524 -15538
-15709 -15671
-15763 -15732
-15691 -15643
-15662 -15652
-15618 -15650
-15756 -15718
-15728 -15717
-15585 -15563