5000
52243 66288
54010 64521
56246 62285
56461 62070
56723 61808
56314 62217
56576 61955
52378 66153
57693 60838
56038 62493
56482 62049
57064 61467
56440 62091
52045 66486
53655 64876
54688 63843
52701 65830
57266 61265
53504 65027
55658 62873
53280 65251
52586 65945
53295 65236
53362 65169
53211 65320
53251 65280
54159 64372
54641 63890
53657 64874
55012 63519
54001 64530
56872 61659
55728 62803
57924 60607
57194 61337
55512 63019
57035 61496
55204 63327
52297 66234
53417 65114
57978 60553
52828 65703
53295 65236
55019 63512
54888 63643
54263 64268
54982 63549
52534 65997
57202 61329
57958 60573
56759 61772
52849 65682
53306 65225
57081 61450
55498 63033
55590 62941
57927 60604
54738 63793
55361 63170
57499 61032
56548 61983
57029 61502
54241 64290
55601 62930
52031 66500
55439 63092
55754 62777
53550 64981
53933 64598
56269 62262
57421 61110
56713 61818
53248 65283
53252 65279
54655 63876
55187 63344
54560 63971
52078 66453
55333 63198
56078 62453
53949 64582
53603 64928
52159 66372
53677 64854
54434 64097
56449 62082
57759 60772
53716 64815
56023 62508
55591 62940
57125 61406
55790 62741
55754 62777
55682 62849
56175 62356
57970 60561
53486 65045
52023 66508
57151 61380
52132 66399
55838 62693
54305 64226
56217 62314
57678 60853
57905 60626
54922 63609
57139 61392
53757 64774
54591 63940
56611 61920
57633 60898
56778 61753
53822 64709
55258 63273
56166 62365
53161 65370
53597 64934
54670 63861
57289 61242
56500 62031
52862 65669
53642 64889
54463 64068
53379 65152
52061 66470
56147 62384
54180 64351
55117 63414
52286 66245
52644 65887
53369 65162
55780 62751
53903 64628
56402 62129
56276 62255
57173 61358
55519 63012
54212 64319
52702 65829
55366 63165
57150 61381
55708 62823
54776 63755
53372 65159
57886 60645
57246 61285
56804 61727
53141 65390
55742 62789
57425 61106
53172 65359
55388 63143
52915 65616
52708 65823
53331 65200
55462 63069
52843 65688
57488 61043
54426 64105
56203 62328
52282 66249
52482 66049
56374 62157
56358 62173
56875 61656
55580 62951
54403 64128
54743 63788
54897 63634
54892 63639
57130 61401
57449 61082
52445 66086
53713 64818
53621 64910
55450 63081
56152 62379
53034 65497
54455 64076
52772 65759
54097 64434
56897 61634
55699 62832
55897 62634
57789 60742
52030 66501
55571 62960
56046 62485
54224 64307
52618 65913
57206 61325
53831 64700
56800 61731
52004 66527
55755 62776
54181 64350
57898 60633
57055 61476
52892 65639
55133 63398
55869 62662
56246 62285
52703 65828
56468 62063
54771 63760
55052 63479
53909 64622
54152 64379
55837 62694
52349 66182
55897 62634
54896 63635
56539 61992
54992 63539
53061 65470
57522 61009
54369 64162
56092 62439
54441 64090
54980 63551
53139 65392
53892 64639
53507 65024
57618 60913
52706 65825
56065 62466
52946 65585
57973 60558
55598 62933
56871 61660
55753 62778
53494 65037
56965 61566
56112 62419
55859 62672
54269 64262
54975 63556
53501 65030
55830 62701
56235 62296
57929 60602
56762 61769
57853 60678
56481 62050
54761 63770
57976 60555
54623 63908
56670 61861
52842 65689
52525 66006
55373 63158
52081 66450
57487 61044
56458 62073
55975 62556
52919 65612
53415 65116
55608 62923
55534 62997
57971 60560
53682 64849
57858 60673
54805 63726
52715 65816
55583 62948
55142 63389
57462 61069
56219 62312
53317 65214
54928 63603
56254 62277
57670 60861
54588 63943
52930 65601
56816 61715
54137 64394
52314 66217
56226 62305
54852 63679
52555 65976
52504 66027
54958 63573
55239 63292
57766 60765
54996 63535
52374 66157
54921 63610
57252 61279
55689 62842
54371 64160
57646 60885
55006 63525
56246 62285
53389 65142
54647 63884
54339 64192
52102 66429
55525 63006
57765 60766
54566 63965
56028 62503
54982 63549
56973 61558
53837 64694
53204 65327
57180 61351
55248 63283
53848 64683
53592 64939
57722 60809
56589 61942
52106 66425
57731 60800
54738 63793
56551 61980
54093 64438
57632 60899
52688 65843
53453 65078
53835 64696
55189 63342
56044 62487
52713 65818
55689 62842
52645 65886
53111 65420
57222 61309
55781 62750
54584 63947
57283 61248
57383 61148
53791 64740
52568 65963
55684 62847
56292 62239
54647 63884
55956 62575
57358 61173
57266 61265
54344 64187
56207 62324
52830 65701
52799 65732
55958 62573
53995 64536
54060 64471
55785 62746
54121 64410
52321 66210
57040 61491
53539 64992
56775 61756
55952 62579
52764 65767
53474 65057
57015 61516
53086 65445
55106 63425
53195 65336
56335 62196
56505 62026
55469 63062
52524 66007
52834 65697
52608 65923
53611 64920
52861 65670
54926 63605
56179 62352
56777 61754
54190 64341
52547 65984
53179 65352
56407 62124
52371 66160
56863 61668
54093 64438
53376 65155
52141 66390
52378 66153
52926 65605
57191 61340
57766 60765
53536 64995
54837 63694
57409 61122
56596 61935
55814 62717
54447 64084
57469 61062
55709 62822
57542 60989
53331 65200
55244 63287
53022 65509
54265 64266
55063 63468
55232 63299
57843 60688
52522 66009
53298 65233
56420 62111
53125 65406
54018 64513
57854 60677
54915 63616
57125 61406
57597 60934
53647 64884
56603 61928
54176 64355
57971 60560
55866 62665
52592 65939
53227 65304
53076 65455
54228 64303
52556 65975
55534 62997
56598 61933
56630 61901
52583 65948
55307 63224
53342 65189
52367 66164
56155 62376
53170 65361
52249 66282
55344 63187
52577 65954
53012 65519
54197 64334
54890 63641
52907 65624
52688 65843
57282 61249
53133 65398
54778 63753
54634 63897
52354 66177
55245 63286
53222 65309
55430 63101
54227 64304
52976 65555
56783 61748
56206 62325
57825 60706
56005 62526
57247 61284
52933 65598
52161 66370
56433 62098
56850 61681
56366 62165
54935 63596
53551 64980
53602 64929
56418 62113
56177 62354
55390 63141
52721 65810
57181 61350
55890 62641
54986 63545
56928 61603
55491 63040
52983 65548
55382 63149
53404 65127
57297 61234
56675 61856
57089 61442
57578 60953
53365 65166
55741 62790
56028 62503
56182 62349
54851 63680
53970 64561
53606 64925
54953 63578
57080 61451
56604 61927
53666 64865
57682 60849
52836 65695
55340 63191
52364 66167
53879 64652
56311 62220
55417 63114
53868 64663
56145 62386
52299 66232
55638 62893
55622 62909
53038 65493
57325 61206
55988 62543
53101 65430
57298 61233
56732 61799
57144 61387
55691 62840
56694 61837
55220 63311
53673 64858
54195 64336
53120 65411
56510 62021
54661 63870
52221 66310
56594 61937
53638 64893
55818 62713
56702 61829
53676 64855
52802 65729
53819 64712
54307 64224
56137 62394
57930 60601
53814 64717
52551 65980
55238 63293
53288 65243
57929 60602
52312 66219
52019 66512
54231 64300
57533 60998
56183 62348
54751 63780
57635 60896
53267 65264
55585 62946
53455 65076
52726 65805
56100 62431
52450 66081
56893 61638
54850 63681
53267 65264
55773 62758
53137 65394
52687 65844
56181 62350
57158 61373
55334 63197
54788 63743
56028 62503
57623 60908
54403 64128
54917 63614
54713 63818
56955 61576
56182 62349
55767 62764
53579 64952
57771 60760
52877 65654
57305 61226
55116 63415
52221 66310
56122 62409
53080 65451
55098 63433
56167 62364
55473 63058
56463 62068
56777 61754
53414 65117
54348 64183
55565 62966
56089 62442
55246 63285
56066 62465
57013 61518
55437 63094
57576 60955
56210 62321
56856 61675
53923 64608
53235 65296
54195 64336
57732 60799
56204 62327
56653 61878
55859 62672
54626 63905
54787 63744
57091 61440
52714 65817
57771 60760
54906 63625
56970 61561
52689 65842
53334 65197
56450 62081
56396 62135
55020 63511
52495 66036
52644 65887
54324 64207
57807 60724
54916 63615
56192 62339
57910 60621
54895 63636
53895 64636
53716 64815
55929 62602
56812 61719
55375 63156
53341 65190
53887 64644
55574 62957
52037 66494
56444 62087
55428 63103
53530 65001
52729 65802
55601 62930
55295 63236
57756 60775
55007 63524
56094 62437
57956 60575
52556 65975
52875 65656
53412 65119
53071 65460
53977 64554
53272 65259
53147 65384
54869 63662
57445 61086
52641 65890
52407 66124
53504 65027
56052 62479
53034 65497
53000 65531
52938 65593
57610 60921
57926 60605
55910 62621
54222 64309
53432 65099
57760 60771
55238 63293
57209 61322
52917 65614
55042 63489
56678 61853
55698 62833
52601 65930
55219 63312
55199 63332
55071 63460
55570 62961
56559 61972
55868 62663
54040 64491
57353 61178
56662 61869
55930 62601
57397 61134
52296 66235
53833 64698
57669 60862
54016 64515
54002 64529
52867 65664
56630 61901
52368 66163
57457 61074
54696 63835
54560 63971
55325 63206
55025 63506
52017 66514
54798 63733
53868 64663
57688 60843
54630 63901
53822 64709
52319 66212
52182 66349
52954 65577
52157 66374
53887 64644
53019 65512
56158 62373
52496 66035
57787 60744
57868 60663
53730 64801
55327 63204
54267 64264
57384 61147
53981 64550
55728 62803
52962 65569
56164 62367
53133 65398
53591 64940
57252 61279
54842 63689
57421 61110
52123 66408
55096 63435
54950 63581
52986 65545
56820 61711
55983 62548
55204 63327
57526 61005
54773 63758
57240 61291
57814 60717
55193 63338
52913 65618
55793 62738
53350 65181
56398 62133
53574 64957
57598 60933
54981 63550
55309 63222
54603 63928
55523 63008
53179 65352
53771 64760
57159 61372
56998 61533
55517 63014
57766 60765
55448 63083
56192 62339
53357 65174
57783 60748
56645 61886
55472 63059
52210 66321
54950 63581
52208 66323
53336 65195
57452 61079
54260 64271
52503 66028
56721 61810
57457 61074
53393 65138
53391 65140
56166 62365
54349 64182
56846 61685
57776 60755
55540 62991
54813 63718
54190 64341
53945 64586
52259 66272
53336 65195
52340 66191
55223 63308
52630 65901
53993 64538
55785 62746
57081 61450
54493 64038
53762 64769
54639 63892
53249 65282
52853 65678
55696 62835
53796 64735
55474 63057
57638 60893
52251 66280
53761 64770
55179 63352
56441 62090
53458 65073
53982 64549
54682 63849
54347 64184
56906 61625
54798 63733
54416 64115
55644 62887
52310 66221
57576 60955
55418 63113
52086 66445
56850 61681
54605 63926
56411 62120
56773 61758
56972 61559
54336 64195
57874 60657
53445 65086
55300 63231
52692 65839
53423 65108
56494 62037
54509 64022
54550 63981
56914 61617
56531 62000
57548 60983
57777 60754
52292 66239
55250 63281
55800 62731
56082 62449
56222 62309
54728 63803
57822 60709
56274 62257
54240 64291
54342 64189
52773 65758
55297 63234
52991 65540
54151 64380
56666 61865
52276 66255
54257 64274
53533 64998
55379 63152
55261 63270
54875 63656
57351 61180
53827 64704
52478 66053
57764 60767
52417 66114
53820 64711
57729 60802
56420 62111
53506 65025
56685 61846
54010 64521
57238 61293
55101 63430
54667 63864
54299 64232
52698 65833
54005 64526
55969 62562
55321 63210
54530 64001
57285 61246
57461 61070
52124 66407
56056 62475
57301 61230
52699 65832
53136 65395
56616 61915
56680 61851
57483 61048
53304 65227
53958 64573
57983 60548
54756 63775
52973 65558
52570 65961
54549 63982
52826 65705
54226 64305
54322 64209
55915 62616
56809 61722
56404 62127
54664 63867
55600 62931
53627 64904
57388 61143
57946 60585
53186 65345
55544 62987
57356 61175
53004 65527
55657 62874
52089 66442
54641 63890
53253 65278
53867 64664
54205 64326
57436 61095
53336 65195
57323 61208
55394 63137
55309 63222
54855 63676
56956 61575
54508 64023
57160 61371
54828 63703
57003 61528
53023 65508
55141 63390
57244 61287
53332 65199
52663 65868
55906 62625
53711 64820
54625 63906
57937 60594
52524 66007
53288 65243
56882 61649
57588 60943
52832 65699
52608 65923
55023 63508
52201 66330
53434 65097
53723 64808
52863 65668
52185 66346
55168 63363
52699 65832
54693 63838
57725 60806
54396 64135
54461 64070
53727 53727
56710 61821
52141 66390
57673 60858
52810 65721
56462 62069
53772 64759
54925 63606
57949 60582
52452 66079
57672 60859
52250 66281
52700 65831
55230 63301
57977 60554
54493 64038
57192 61339
55269 63262
53613 64918
52793 65738
55192 63339
53649 64882
55735 62796
57186 57186
52052 66479
55482 63049
57717 60814
57599 60932
53996 64535
54215 64316
54718 63813
56097 62434
56505 62026
54124 64407
54681 63850
57805 60726
57896 60635
57642 60889
56585 61946
55675 62856
54181 64350
52811 65720
55317 63214
52241 66290
57797 60734
54159 64372
57130 61401
53696 64835
54048 64483
57485 61046
57490 61041
53171 65360
56730 61801
53906 64625
56070 62461
53069 65462
53387 65144
53014 65517
54638 63893
55309 63222
54446 64085
52867 65664
57421 61110
57962 60569
54662 63869
53403 65128
53248 65283
57704 60827
53818 64713
52461 66070
57120 61411
57912 60619
53204 65327
52728 65803
56499 62032
54529 64002
52049 66482
56147 62384
55447 63084
56753 61778
55395 63136
57825 60706
52877 65654
52801 65730
57788 60743
52435 66096
56059 62472
53542 64989
57801 60730
55144 63387
57455 61076
53599 64932
54285 64246
52335 66196
57498 61033
53638 64893
54771 63760
55745 62786
56618 61913
55449 63082
53735 64796
55803 62728
55848 62683
54117 64414
53757 64774
57835 60696
53137 65394
57367 61164
57794 60737
55979 62552
54605 63926
55391 63140
56619 61912
54925 63606
52861 65670
54368 64163
52209 66322
55685 62846
52834 65697
52385 66146
52530 66001
57083 61448
55473 63058
57722 60809
52542 65989
54034 64497
56502 62029
57556 60975
54504 64027
52899 65632
53391 65140
53475 65056
53232 65299
56750 61781
57497 61034
53811 64720
53162 65369
54930 63601
54417 64114
54530 64001
53591 64940
55800 62731
54251 64280
57458 61073
56168 62363
57039 61492
52018 66513
54534 63997
53412 65119
54512 64019
57337 61194
52157 66374
55376 63155
53585 64946
52466 66065
52113 66418
57917 60614
56751 61780
52252 66279
54378 64153
54346 64185
55115 63416
54249 64282
53282 65249
53589 64942
54513 64018
54727 63804
56442 62089
57128 61403
55265 63266
54216 64315
57091 61440
55358 63173
55088 63443
55392 63139
57858 60673
56858 61673
56830 61701
54491 64040
52829 65702
57235 61296
53942 64589
54987 63544
56162 62369
54671 63860
55406 63125
56665 61866
53990 64541
57159 61372
53226 65305
54199 64332
53537 64994
52229 66302
52456 66075
55188 63343
57839 60692
56123 62408
53314 65217
55432 63099
55490 63041
52359 66172
56956 61575
55699 62832
57068 61463
55873 62658
53135 65396
54231 64300
54596 63935
54090 64441
54730 63801
52046 66485
54491 64040
57839 60692
54995 63536
57472 61059
57133 61398
55991 62540
54915 63616
56414 62117
52485 66046
52734 65797
54323 64208
54671 63860
53769 64762
53667 64864
54135 64396
54566 63965
56260 62271
57301 61230
54595 63936
55973 62558
53843 64688
57709 60822
57637 60894
53087 65444
54575 63956
57012 61519
56087 62444
53312 65219
57313 61218
55838 62693
54661 63870
52773 65758
56061 62470
53755 64776
53053 65478
57511 61020
56746 61785
52997 65534
54035 64496
54803 63728
56043 62488
55176 63355
54539 63992
53487 65044
56626 61905
57179 61352
57453 61078
57004 61527
56093 62438
54623 63908
53196 65335
56333 62198
54103 64428
52128 66403
52730 65801
52117 66414
57936 60595
52623 65908
54672 63859
52503 66028
54875 63656
54587 63944
52319 66212
56576 61955
54340 64191
54356 64175
53755 64776
56632 61899
54873 63658
52379 66152
54350 64181
57236 61295
54321 64210
54476 64055
57509 61022
52407 66124
55911 62620
52986 65545
57603 60928
56798 61733
57452 61079
56592 61939
52875 65656
57306 61225
54832 63699
55262 63269
56910 61621
52497 66034
55513 63018
52431 66100
52845 65686
57122 61409
52817 65714
56882 61649
53258 65273
54572 63959
53934 64597
52521 66010
52113 66418
53517 65014
56927 61604
55056 63475
55136 63395
53163 65368
55461 63070
53019 65512
55872 62659
52942 65589
56843 61688
53196 65335
52986 65545
56233 62298
52102 66429
55823 62708
52209 66322
57712 60819
53245 65286
54541 63990
52115 66416
54700 63831
53453 65078
56310 62221
52847 65684
56421 62110
53513 65018
53419 65112
53239 65292
52007 66524
52576 65955
55801 62730
53145 65386
57038 61493
52592 65939
52984 65547
52582 65949
55983 62548
53122 65409
57546 60985
56591 61940
54618 63913
56794 61737
57051 61480
54410 64121
52105 66426
55133 63398
57944 60587
53826 64705
57178 61353
53098 65433
56649 61882
54433 64098
57103 61428
56470 62061
53181 65350
55606 62925
52741 65790
55460 63071
56304 62227
53217 65314
57709 60822
53029 65502
52122 66409
54791 63740
57218 61313
57636 60895
56135 62396
55859 62672
55175 63356
56286 62245
57302 61229
53259 65272
57151 61380
57062 61469
57569 60962
55302 63229
52906 65625
54393 64138
53038 65493
54242 64289
57926 60605
54060 64471
55421 63110
55726 62805
57039 61492
54388 64143
56837 61694
55015 63516
53833 64698
54120 64411
54953 63578
57555 60976
55608 62923
55007 63524
57780 60751
54099 64432
55287 63244
52505 66026
54674 63857
54593 63938
55879 62652
57617 60914
55258 63273
56063 62468
56129 62402
54724 63807
56379 62152
55027 63504
57049 61482
52906 65625
55199 63332
55191 63340
52215 66316
53056 65475
56836 61695
57664 60867
53883 64648
56349 62182
56515 62016
55594 62937
57048 61483
55167 63364
53244 65287
54525 64006
52241 66290
55586 62945
54746 63785
53223 65308
54163 64368
52124 66407
53435 65096
52545 65986
55967 62564
57217 61314
53985 64546
57017 61514
56416 62115
56220 62311
56896 61635
55033 63498
52548 65983
56503 62028
52375 66156
53198 65333
53029 65502
57773 60758
54832 63699
56245 62286
56154 62377
52371 66160
55030 63501
53875 64656
57436 61095
52739 65792
55798 62733
56260 62271
53228 65303
54505 64026
55791 62740
56231 62300
57887 60644
57831 60700
56592 61939
53760 64771
54941 63590
57097 61434
55107 63424
56660 61871
56949 61582
57604 60927
53592 64939
56249 62282
55998 62533
54439 64092
55985 62546
53824 64707
53060 65471
54414 64117
54137 64394
53800 64731
52976 65555
53615 64916
57457 61074
57714 60817
53555 64976
52010 66521
57733 60798
53413 65118
53014 65517
54290 64241
57723 60808
55130 63401
53460 65071
55701 62830
56440 62091
57025 61506
57716 60815
56911 61620
52932 65599
55599 62932
53095 65436
55560 62971
52886 65645
57804 60727
55631 62900
56341 62190
52430 66101
55234 63297
55321 63210
54892 63639
57508 61023
53098 65433
52680 65851
53139 65392
55409 63122
55338 63193
56409 62122
56555 61976
53929 64602
53063 65468
57176 61355
56192 62339
52627 65904
57067 61464
52843 65688
54242 64289
54898 63633
53868 64663
53984 64547
56225 62306
52951 65580
55430 63101
52317 66214
55509 63022
53207 65324
55192 63339
53823 64708
54977 63554
56363 62168
57683 60848
56284 62247
55189 63342
55079 63452
57677 60854
52879 65652
56545 61986
53128 65403
53489 65042
53348 65183
52663 65868
54421 64110
52617 65914
57393 61138
56199 62332
52475 66056
54570 63961
57913 60618
56863 61668
52409 66122
55341 63190
55249 63282
53062 65469
55036 63495
53001 65530
53577 64954
52048 66483
56482 62049
54418 64113
52665 65866
52848 65683
55268 63263
52693 65838
54460 64071
53922 64609
54119 64412
54060 64471
53985 64546
53754 64777
57658 60873
55660 62871
55407 63124
52886 65645
56514 62017
52047 66484
53444 65087
57057 61474
55558 62973
54895 63636
53288 65243
57886 60645
54246 64285
54822 63709
52014 66517
56209 62322
56357 62174
54516 64015
56860 61671
54294 64237
54650 63881
52070 66461
53905 64626
53418 65113
55584 62947
57624 60907
53771 64760
52229 66302
57281 61250
57419 61112
53567 64964
52433 66098
52476 66055
56043 62488
53298 65233
55136 63395
56882 61649
54579 63952
52500 66031
57193 61338
55860 62671
57195 61336
53457 65074
55503 63028
56778 61753
55320 63211
56748 61783
55370 63161
54446 64085
54043 64488
53488 65043
53198 65333
54850 63681
53685 64846
57532 60999
53373 65158
52367 66164
56247 62284
54972 63559
52992 65539
55988 62543
55775 62756
54742 63789
54903 63628
57437 61094
53676 64855
54468 64063
56349 62182
56186 62345
56526 62005
57623 60908
55917 62614
54975 63556
57949 60582
52072 66459
57013 61518
56610 61921
54296 64235
55911 62620
56874 61657
57485 61046
57847 60684
54595 63936
54172 64359
53578 64953
54872 63659
52942 65589
57149 61382
55148 63383
54789 63742
55167 63364
54391 64140
54572 63959
57811 60720
57851 60680
57803 60728
56723 61808
52770 65761
56220 62311
55926 62605
52755 65776
55635 62896
57464 61067
52015 66516
52657 65874
56712 61819
57644 60887
56356 62175
57020 61511
54427 64104
56870 61661
55420 63111
54842 63689
54039 64492
56554 61977
54806 63725
54157 64374
54731 63800
56687 61844
52969 65562
56160 62371
52331 66200
57076 61455
54949 63582
53864 64667
56826 61705
57250 61281
53433 65098
56432 62099
56043 62488
52627 65904
55692 62839
53431 65100
57796 60735
55656 62875
54076 64455
53969 64562
54106 64425
55313 63218
57489 61042
52661 65870
54292 64239
54865 63666
54019 64512
54878 63653
57109 61422
57405 61126
52135 66396
57562 60969
54840 63691
54727 63804
52761 65770
55689 62842
53226 65305
56929 61602
56732 61799
54579 63952
53855 64676
57368 61163
55558 62973
52042 66489
56526 62005
53139 65392
54461 64070
53648 64883
55842 62689
52434 66097
53339 65192
53324 65207
57055 61476
57334 61197
53920 64611
52240 66291
54967 63564
56406 62125
52689 65842
53417 65114
56436 62095
52206 66325
56224 62307
56841 61690
52446 66085
54372 64159
55327 63204
56959 61572
57585 60946
52684 65847
52668 65863
55814 62717
52394 66137
55553 62978
56395 62136
54535 63996
56319 62212
52618 65913
52302 66229
56314 62217
55024 63507
55158 63373
56040 62491
52741 65790
56892 61639
54587 63944
57410 61121
52144 66387
57226 61305
52985 65546
55020 63511
57652 60879
53513 65018
56900 61631
57157 61374
55594 62937
54742 63789
56450 62081
52862 65669
57981 60550
55204 63327
55537 62994
54957 63574
53524 65007
54405 64126
52456 66075
52483 66048
54978 63553
55730 62801
53010 65521
54225 64306
52672 65859
52908 65623
56152 62379
53713 64818
54404 64127
57830 60701
52214 66317
57170 61361
56343 62188
57695 60836
55842 62689
56790 61741
56370 62161
55434 63097
53615 64916
54105 64426
53683 64848
53382 65149
57120 61411
53553 64978
57740 60791
53452 65079
54333 64198
53897 64634
53193 65338
56794 61737
53916 64615
57574 60957
54941 63590
52064 66467
55002 63529
55553 62978
56249 62282
55321 63210
55388 63143
57317 61214
57212 61319
52450 66081
53232 65299
55739 62792
55576 62955
55835 62696
52057 66474
55100 63431
55739 62792
55180 63351
55712 62819
56513 62018
53397 65134
54435 64096
53939 64592
55467 63064
52588 65943
52220 66311
56730 61801
56140 62391
53340 65191
56090 62441
56637 61894
56807 61724
56695 61836
52611 65920
55301 63230
54711 63820
55699 62832
56548 61983
57880 60651
52705 65826
56551 61980
52619 65912
54238 64293
52337 66194
53281 65250
53758 64773
57526 61005
52706 65825
53159 65372
53373 65158
54260 64271
55288 63243
57338 61193
55992 62539
56582 61949
53672 64859
56333 62198
56004 62527
54049 64482
57939 60592
53129 65402
54507 64024
55774 62757
55612 62919
52010 66521
54957 63574
57392 61139
54409 64122
54475 64056
57742 60789
55364 63167
54146 64385
56388 62143
53936 64595
53507 65024
53075 65456
54323 64208
52843 65688
57325 61206
57131 61400
54011 64520
54882 63649
55847 62684
57476 61055
54815 63716
53228 65303
53450 65081
52176 66355
57560 60971
56436 62095
53503 65028
55789 62742
54135 64396
56256 62275
56045 62486
52248 66283
57034 61497
53621 64910
56347 62184
57571 60960
54885 63646
57271 61260
56538 61993
55957 62574
57892 60639
52437 66094
53077 65454
57807 60724
55246 63285
54580 63951
54296 64235
55697 62834
55651 62880
55807 62724
57490 61041
55137 63394
56807 61724
56524 62007
55830 62701
54009 64522
57651 60880
56478 62053
53916 64615
56463 62068
54998 63533
54520 64011
52851 65680
55882 62649
54166 64365
53866 64665
53330 65201
55067 63464
54529 64002
55933 62598
57715 60816
56781 61750
55247 63284
53773 64758
57794 60737
55906 62625
53231 65300
53545 64986
52501 66030
55738 62793
52065 66466
57605 60926
52166 66365
54525 64006
57726 60805
54701 63830
53902 64629
52131 66400
56247 62284
57818 60713
55189 63342
53301 65230
52718 65813
52081 66450
55164 63367
53308 65223
54143 64388
55024 63507
57792 60739
55279 63252
57152 61379
52479 66052
53971 64560
55749 62782
56628 61903
53309 65222
56819 61712
57129 61402
52163 66368
54011 64520
52189 66342
53074 65457
52803 65728
56522 62009
55187 63344
55832 62699
53365 65166
52987 65544
57980 60551
57536 60995
53960 64571
56187 62344
57334 61197
56699 61832
52330 66201
52165 66366
55114 63417
54913 63618
52702 65829
57454 61077
57283 61248
52681 65850
54461 64070
57577 60954
55111 63420
56914 61617
53359 65172
56689 61842
56651 61880
52194 66337
56812 61719
54985 63546
55184 63347
54422 64109
55740 62791
56469 62062
53856 64675
52341 66190
56767 61764
56724 61807
53484 65047
53161 65370
57496 61035
55592 62939
52446 66085
57828 60703
55192 63339
54418 64113
54558 63973
55581 62950
52690 65841
53470 65061
52551 65980
52318 66213
57139 61392
53861 64670
57373 61158
53750 64781
53744 64787
52499 66032
56406 62125
53739 64792
54190 64341
53760 64771
53930 64601
54357 64174
55766 62765
56289 62242
56771 61760
52369 66162
52369 66162
52722 65809
57716 60815
57147 61384
56487 62044
55725 62806
57931 60600
54355 64176
53301 65230
56582 61949
52245 66286
57530 61001
55494 63037
55929 62602
53509 65022
55937 62594
52032 66499
55319 63212
52022 66509
52102 66429
52206 66325
52079 66452
52313 66218
56005 62526
56415 62116
57658 60873
54499 64032
52277 66254
55874 62657
55036 63495
53887 64644
52077 66454
56567 61964
57137 61394
57432 61099
56265 62266
54913 63618
54605 63926
53293 65238
54912 63619
53725 64806
57648 60883
56839 61692
52518 66013
52863 65668
52560 65971
55245 63286
57344 61187
52520 66011
53967 64564
56791 61740
57863 60668
54885 63646
55486 63045
57042 61489
52113 66418
54573 63958
54088 64443
56911 61620
54349 64182
55472 63059
53569 64962
55851 62680
52873 65658
54548 63983
55233 63298
54181 64350
52290 66241
54175 64356
52237 66294
52413 66118
54205 64326
55711 62820
56528 62003
54233 64298
52155 66376
55054 63477
54889 63642
55487 63044
57138 61393
54893 63638
57260 61271
52529 66002
53143 65388
56790 61741
53881 64650
53251 65280
52066 66465
56663 61868
57997 60534
52639 65892
55448 63083
57875 60656
55397 63134
57252 61279
52917 65614
57720 60811
56487 62044
55224 63307
56070 62461
52012 66519
56928 61603
52608 65923
57211 61320
56141 62390
56271 62260
52433 66098
55643 62888
55791 62740
56990 61541
53405 65126
53711 64820
53630 64901
55894 62637
57669 60862
57091 61440
54816 63715
55919 62612
54309 64222
53801 64730
54588 63943
53412 65119
53189 65342
54440 64091
52892 65639
52278 66253
54299 64232
56258 62273
54343 64188
53085 65446
57244 61287
52638 65893
56890 61641
54723 63808
54666 63865
56624 61907
54283 64248
53532 64999
56145 62386
55667 62864
52497 66034
52841 65690
53964 64567
53108 65423
53364 65167
57600 60931
57990 60541
52077 66454
53657 64874
55979 62552
56683 61848
55449 63082
56022 62509
57715 60816
57244 61287
57015 61516
57705 60826
57933 60598
52119 66412
57627 60904
52326 66205
53591 64940
56314 62217
53420 65111
57351 61180
52494 66037
53514 65017
56664 61867
54020 64511
54229 64302
56363 62168
53143 65388
57009 61522
54428 64103
52502 66029
52957 65574
53052 65479
53479 65052
53257 65274
55499 63032
56421 62110
52825 65706
57335 61196
57164 61367
55764 62767
53214 65317
56792 61739
54922 63609
52334 66197
53758 64773
57825 60706
56069 62462
53032 65499
54538 63993
53194 65337
56084 62447
52213 66318
53450 65081
54933 63598
52994 65537
56259 62272
53224 65307
55353 63178
55416 63115
52772 65759
55224 63307
53429 65102
53162 65369
57750 60781
52303 66228
57868 60663
52620 65911
53915 64616
54178 64353
56618 61913
53902 64629
56415 62116
54701 63830
54090 64441
53305 65226
54666 63865
52053 66478
54463 64068
55294 63237
54926 63605
57128 61403
57207 61324
56126 62405
54106 64425
53055 65476
57977 60554
55679 62852
57938 60593
53323 65208
53449 65082
53364 65167
53592 64939
57489 61042
54495 64036
52610 65921
57104 61427
55270 63261
56986 61545
53122 65409
54398 64133
52557 65974
56600 61931
56953 61578
54487 64044
55463 63068
55251 63280
52918 65613
54379 64152
56271 62260
55440 63091
52711 65820
57225 61306
52790 65741
53034 65497
56867 61664
53382 65149
53579 64952
53465 65066
54013 64518
54419 64112
52306 66225
52680 65851
54623 63908
55330 63201
57298 61233
53070 65461
54553 63978
57769 60762
52200 66331
52963 65568
52851 65680
56552 61979
56508 62023
56436 62095
57094 61437
56822 61709
54566 63965
56348 62183
52101 66430
56081 62450
57010 61521
55617 62914
56518 62013
54143 64388
56587 61944
53994 64537
53928 64603
54155 64376
52970 65561
54339 64192
57436 61095
52466 66065
57809 60722
52949 65582
57327 61204
54193 64338
52998 65533
54047 64484
53531 65000
54189 64342
52312 66219
57529 61002
53741 64790
56153 62378
56089 62442
56269 62262
54464 64067
56215 62316
53788 64743
54090 64441
52986 65545
55353 63178
55299 63232
55499 63032
54968 63563
54803 63728
57600 60931
52645 65886
54230 64301
56903 61628
55365 63166
57610 60921
55055 63476
57845 60686
54158 64373
52328 66203
53386 65145
53760 64771
52812 65719
57586 60945
54786 63745
56520 62011
57625 60906
53313 65218
55312 63219
57907 60624
55209 63322
52233 66298
57851 60680
56948 61583
52740 65791
56878 61653
53355 65176
56399 62132
54881 63650
52239 66292
53631 64900
55844 62687
56502 62029
55937 62594
52066 66465
53350 65181
57274 61257
52347 66184
56018 62513
56671 61860
52970 65561
56604 61927
52203 66328
52013 66518
55806 62725
56181 62350
57650 60881
57615 60916
52954 65577
57832 60699
57976 60555
57663 60868
54002 64529
52789 65742
53556 64975
57908 60623
52314 66217
57777 60754
56506 62025
56068 56068
53046 65485
54411 64120
53873 64658
55173 63358
56512 62019
56481 62050
52318 66213
53085 65446
55450 63081
53617 64914
56278 62253
57511 61020
52139 66392
54105 64426
53469 65062
54630 63901
53893 64638
54933 63598
52580 65951
54605 63926
52612 65919
57549 60982
55935 62596
54698 63833
54605 63926
53752 64779
52493 66038
57674 60857
54316 64215
55485 63046
54380 64151
57940 60591
57233 61298
55292 63239
57143 61388
57557 60974
56475 62056
52887 65644
57677 60854
57840 60691
57799 60732
54195 64336
54252 64279
55400 63131
55961 62570
55373 63158
54612 63919
55765 62766
53688 64843
56719 61812
55429 63102
54283 64248
52351 66180
57106 61425
57697 60834
54340 64191
57104 61427
54891 63640
54258 64273
52555 65976
54234 64297
52282 66249
54499 64032
52538 65993
55701 62830
56511 62020
55196 63335
54410 64121
54485 64046
52610 65921
55310 63221
55566 62965
53452 65079
54719 63812
57642 60889
52913 65618
52188 66343
57780 60751
54899 63632
55784 62747
57933 60598
55777 62754
54820 63711
54026 64505
55626 62905
52264 66267
53571 64960
52533 65998
56468 62063
52435 66096
53551 64980
57714 60817
56711 61820
53306 65225
54155 64376
57915 60616
52879 65652
55202 63329
57005 61526
54809 63722
52170 66361
55814 62717
52304 66227
57934 60597
52005 66526
54467 64064
56423 62108
56475 62056
54182 64349
54494 64037
54560 63971
54710 63821
57371 61160
52549 65982
54484 64047
54782 63749
54345 64186
57670 60861
54944 63587
55694 62837
55702 62829
57087 61444
55682 62849
55296 63235
53570 64961
57859 60672
52610 65921
53738 64793
52140 66391
53358 65173
52756 65775
53980 64551
54832 63699
53684 64847
52501 66030
55390 63141
54266 64265
55348 63183
55784 62747
57269 61262
55791 62740
54243 64288
56207 62324
52264 66267
55994 62537
55969 62562
54096 64435
57985 60546
52906 65625
57142 61389
54513 64018
53809 64722
55849 62682
56443 62088
56385 62146
53350 65181
55413 63118
53499 65032
55300 63231
54979 63552
54440 64091
54986 63545
57275 61256
52981 65550
53676 64855
56714 61817
52367 66164
56599 61932
55366 63165
57741 60790
53827 64704
52998 65533
56769 61762
52354 66177
52736 65795
55019 63512
57743 60788
54201 64330
54279 64252
53570 64961
57007 61524
54439 64092
54591 63940
54738 63793
57841 60690
52087 66444
57173 61358
54059 64472
54437 64094
57746 60785
54693 63838
52641 65890
55105 63426
57210 61321
53983 64548
55486 63045
56207 62324
52338 66193
57624 60907
52787 65744
57343 61188
57302 61229
52995 65536
55314 63217
55649 62882
54277 64254
52254 66277
53798 64733
56804 61727
54636 63895
57006 61525
56658 61873
53383 65148
54123 64408
57290 61241
57380 61151
57661 60870
56444 62087
54146 64385
54143 64388
57883 60648
57825 60706
55787 62744
54142 64389
54965 63566
52886 65645
55538 62993
56526 62005
55769 62762
52506 66025
52033 66498
52094 66437
57837 60694
55437 63094
54432 64099
52093 66438
57123 61408
57806 60725
56156 62375
57649 60882
56472 62059
55082 63449
56593 61938
54021 64510
55891 62640
52122 66409
52325 66206
54149 64382
56894 61637
52284 66247
56369 62162
57481 61050
52968 65563
57186 61345
54325 64206
55049 63482
56454 62077
55247 63284
57872 60659
53454 65077
56348 62183
55634 62897
57002 61529
54400 64131
57105 61426
56056 62475
52932 65599
55654 62877
55997 62534
56158 62373
53842 64689
57506 61025
53726 64805
53429 65102
57719 60812
57329 61202
54230 64301
56918 61613
53062 65469
56316 62215
53896 64635
57516 61015
57038 61493
54546 63985
57125 61406
54909 63622
54665 63866
52844 65687
53009 65522
52520 66011
57830 60701
55789 62742
56721 61810
57908 60623
56032 62499
54984 63547
56498 62033
54195 64336
53737 64794
57318 61213
55985 62546
52245 66286
55271 63260
56844 61687
56416 62115
53865 64666
56059 62472
55067 63464
56488 62043
53169 65362
52106 66425
57599 60932
56488 62043
52478 66053
53425 65106
54074 64457
55428 63103
55389 63142
55478 63053
56842 61689
53883 64648
53223 65308
56728 61803
53987 64544
52888 65643
54128 64403
56901 61630
52557 65974
53006 65525
57543 60988
52590 65941
54421 64110
52252 66279
56173 62358
55457 63074
57305 61226
57347 61184
56582 61949
54714 63817
52632 65899
56192 62339
52409 66122
53249 65282
54837 63694
53518 65013
53853 64678
54827 63704
56745 61786
53474 65057
52074 66457
53185 65346
57742 60789
56688 61843
56261 62270
52427 66104
53489 65042
53089 65442
53338 65193
52587 65944
57453 61078
57941 60590
56743 61788
56695 61836
57099 61432
53326 65205
54757 63774
56347 62184
54622 63909
55349 63182
55669 62862
57423 61108
56816 61715
52627 65904
53905 64626
56622 61909
55339 63192
56900 61631
55726 62805
54235 64296
52155 66376
53297 65234
55693 62838
53976 64555
54887 63644
57416 61115
52823 65708
55747 62784
56513 62018
54826 63705
53630 64901
52561 65970
52962 65569
56383 62148
54455 64076
53495 65036
54876 63655
57248 61283
56560 61971
54387 64144
52054 66477
57359 61172
54924 63607
54294 64237
55882 62649
52558 65973
55417 63114
53142 65389
57529 61002
52236 66295
56914 61617
56026 62505
56366 62165
53085 65446
55049 63482
53098 65433
53267 65264
53826 64705
53483 65048
55050 63481
53776 64755
55224 63307
54772 63759
53368 65163
56372 62159
56298 62233
55133 63398
52233 66298
56904 61627
53380 65151
57213 61318
57650 60881
56664 61867
56894 61637
56049 62482
56762 61769
52667 65864
54582 63949
53267 65264
54793 63738
56548 61983
55641 62890
53527 65004
56435 62096
57253 61278
55703 62828
52524 66007
56106 62425
56625 61906
55102 63429
53063 65468
56423 62108
54694 63837
57303 61228
53931 64600
57339 61192
57396 61135
56685 61846
54916 63615
56782 61749
52160 66371
56739 61792
57539 60992
56062 62469
56948 61583
55723 62808
55196 63335
56866 61665
55218 63313
57752 60779
53064 65467
53942 64589
54568 63963
57389 61142
55274 63257
52813 65718
54726 63805
53253 65278
52264 66267
53366 65165
52722 65809
57407 61124
55548 62983
55650 62881
52070 66461
56119 62412
56725 61806
54884 63647
55705 62826
54963 63568
57934 60597
54446 64085
55949 62582
57400 61131
57992 60539
52076 66455
54481 64050
55558 62973
57929 60602
55863 62668
57634 60897
55399 63132
57196 61335
53511 65020
57854 60677
52997 65534
55602 62929
55924 62607
52437 66094
52675 65856
52215 66316
55442 63089
54855 63676
52925 65606
55744 62787
52856 65675
52436 66095
54239 64292
54604 63927
55220 63311
55608 62923
56905 61626
53686 64845
55773 62758
57069 61462
54847 63684
54072 64459
55427 63104
52368 66163
52633 65898
53341 65190
54611 63920
56995 61536
53962 64569
57481 61050
54240 64291
52505 66026
54304 64227
55551 62980
54894 63637
52522 66009
53836 64695
56952 61579
55884 62647
52060 66471
55437 63094
55447 63084
54320 64211
56519 62012
52119 66412
56802 61729
52924 65607
54633 63898
56122 62409
53083 65448
56583 61948
55906 62625
57866 60665
52190 66341
57700 60831
54121 64410
57945 60586
54789 63742
57935 60596
52775 65756
54882 63649
55060 63471
55801 62730
54244 64287
57285 61246
56779 61752
56730 61801
56870 61661
52569 65962
52731 65800
55193 63338
57769 60762
54889 63642
52991 65540
52404 66127
53950 64581
57952 60579
56455 62076
55966 62565
57414 61117
57639 60892
53940 64591
52643 65888
52648 65883
56566 61965
57809 60722
55362 63169
57345 61186
52194 66337
55400 63131
55514 63017
52948 65583
55190 63341
52239 66292
56044 62487
56867 61664
52681 65850
54373 64158
53266 65265
53071 65460
52296 66235
53094 65437
52954 65577
56480 62051
52655 65876
53682 64849
53490 65041
54420 64111
52343 66188
56231 62300
55641 62890
54028 64503
55135 63396
55811 62720
54694 63837
56413 62118
53692 64839
54458 64073
54152 64379
56870 61661
52844 65687
52070 66461
53361 65170
55209 63322
57741 60790
55788 62743
52715 65816
53030 65501
52627 65904
57240 61291
55806 62725
55100 63431
53028 65503
56492 62039
56437 62094
54527 64004
52753 65778
56783 61748
57793 60738
57922 60609
56604 61927
56161 62370
53905 64626
55740 62791
53042 65489
55182 63349
57826 60705
56292 62239
55956 62575
55340 63191
55920 62611
57945 60586
57753 60778
57222 61309
56697 61834
53481 65050
53302 65229
57928 60603
55928 62603
54873 63658
52541 65990
54600 63931
57057 61474
54386 64145
55639 62892
54962 63569
55373 63158
56609 61922
53760 64771
52049 66482
57143 61388
54833 63698
56378 62153
53481 65050
55927 62604
55486 63045
55659 62872
55778 62753
54769 63762
56420 62111
52324 66207
54806 63725
56133 62398
53646 64885
56009 62522
55175 63356
56655 61876
53387 65144
54896 63635
54248 64283
56811 61720
56134 62397
53781 64750
54682 63849
54189 64342
56222 62309
56949 61582
53735 64796
54158 64373
54657 63874
52554 65977
57574 60957
54173 64358
55888 62643
55442 63089
54997 63534
55622 62909
52922 65609
56885 61646
53801 64730
54551 63980
52581 65950
56981 61550
56651 61880
54473 64058
55776 62755
53746 64785
55602 62929
53131 65400
52368 66163
52611 65920
55720 62811
54759 63772
53798 64733
57018 61513
55225 63306
54106 64425
55064 63467
55438 63093
57836 60695
56724 61807
52955 65576
53096 65435
56895 61636
56483 62048
55101 63430
56993 61538
53552 64979
57577 60954
54590 63941
53522 65009
56732 61799
57533 60998
52011 66520
54904 63627
55856 62675
55255 63276
55708 62823
53091 65440
53119 65412
54122 64409
56376 62155
53209 65322
56916 61615
53306 65225
57301 61230
54982 63549
54089 64442
55001 63530
57774 60757
53922 64609
57842 60689
55127 63404
52505 66026
55596 62935
55648 62883
56827 61704
53703 64828
54970 63561
54293 64238
56208 62323
55540 62991
56247 62284
54109 64422
57435 61096
55161 63370
56761 61770
54813 63718
55085 63446
55158 63373
56475 62056
55000 63531
54677 63854
55666 62865
52259 66272
57778 60753
54552 63979
56514 62017
53007 65524
56343 62188
56007 62524
54598 63933
54403 64128
57483 61048
52632 65899
52480 66051
52469 66062
56693 61838
55599 62932
53055 65476
55925 62606
57432 61099
54326 64205
54105 64426
52450 66081
56815 61716
57438 61093
52570 65961
55992 62539
54715 63816
55820 62711
55721 62810
55715 62816
54991 63540
53865 64666
52182 66349
56474 62057
52149 66382
55096 63435
55518 63013
57386 61145
55380 63151
52522 66009
53862 64669
54657 63874
54788 63743
53699 64832
55669 62862
57928 60603
53330 65201
57060 61471
57385 61146
55357 63174
53656 64875
57195 61336
54907 63624
52973 65558
55146 63385
52500 66031
57031 61500
55449 63082
56970 61561
55317 63214
57256 61275
56087 62444
57199 61332
52844 65687
53006 65525
52165 66366
57228 61303
55435 63096
57605 60926
53251 65280
56503 62028
55527 63004
53836 64695
57152 61379
56955 61576
55841 62690
55440 63091
56837 61694
56645 61886
54820 63711
53626 64905
54785 63746
54738 63793
56324 62207
54009 64522
52664 65867
56420 62111
54074 64457
54458 64073
52635 65896
55056 63475
56480 62051
52866 65665
55534 62997
57774 60757
52277 66254
57390 61141
52938 65593
53480 65051
56480 62051
56743 61788
53435 65096
55785 62746
56698 61833
53904 64627
57946 60585
52671 65860
53072 65459
54193 64338
56454 62077
54813 63718
54555 63976
54407 64124
52446 66085
53828 64703
54688 63843
52083 66448
57781 60750
53491 65040
56583 61948
55756 62775
57217 61314
57010 61521
56876 61655
54222 64309
56740 61791
53293 65238
53689 64842
53844 64687
54345 64186
52028 66503
55991 62540
56082 62449
53106 65425
54796 63735
56485 62046
53210 65321
57632 60899
53164 65367
53781 64750
54019 64512
55490 63041
55474 63057
53563 64968
57715 60816
53085 65446
56447 62084
55309 63222
55262 63269
56469 62062
57866 60665
53384 65147
57868 60663
53254 65277
55758 62773
55471 63060
53738 64793
52582 65949
52578 65953
56926 61605
57408 61123
56489 62042
53580 64951
55085 63446
55819 62712
57222 61309
53514 65017
52191 66340
53458 65073
56878 61653
53449 65082
57684 60847
56661 61870
57207 61324
52646 65885
53977 64554
55850 62681
52929 65602
55326 63205
53336 65195
56978 61553
55046 63485
52013 66518
57535 60996
53364 65167
57471 61060
54168 64363
57610 60921
53269 65262
52264 66267
53628 64903
54346 64185
53947 64584
56294 62237
57034 61497
52305 66226
54020 64511
55535 62996
53097 65434
55966 62565
52185 66346
53472 65059
57186 61345
53548 64983
55321 63210
57241 61290
57623 60908
55869 62662
52820 65711
52896 65635
52034 66497
53444 65087
55602 62929
54923 63608
54485 64046
57807 60724
56642 61889
53463 65068
52218 66313
55039 63492
54925 63606
52841 65690
52609 65922
54525 64006
53925 64606
54254 64277
55824 62707
57015 61516
52979 65552
57712 60819
54306 64225
56688 61843
55792 62739
57318 61213
53138 65393
54264 64267
55663 62868
56225 62306
52484 66047
56620 61911
54055 64476
52285 66246
55031 63500
53784 64747
52229 66302
56937 61594
52070 66461
56687 61844
56300 62231
55663 62868
56206 62325
55593 62938
56923 61608
57550 60981
55314 63217
53719 64812
53413 65118
53407 65124
55775 62756
56466 62065
53103 65428
55482 63049
56170 62361
57471 61060
53655 64876
54009 64522
57191 61340
52980 65551
57634 60897
55278 63253
53868 64663
54069 64462
57896 60635
54510 64021
52445 66086
53340 65191
54917 63614
54205 64326
57449 61082
57176 61355
52843 65688
52017 66514
53583 64948
52040 66491
55010 63521
53411 65120
55177 63354
56471 62060
57545 60986
52587 65944
54760 63771
52095 66436
53662 64869
53784 64747
52303 66228
53761 64770
57928 60603
57822 60709
55892 62639
54000 64531
55578 62953
56467 62064
52223 66308
52406 66125
54617 63914
52384 66147
54284 64247
56477 62054
52579 65952
56981 61550
55030 63501
55966 62565
54394 64137
56571 61960
55270 63261
56253 62278
53718 64813
57749 60782
53081 65450
57211 61320
57932 60599
56882 61649
57150 61381
53593 64938
57903 60628
53631 64900
53442 65089
56448 62083
54417 64114
57011 61520
56822 61709
52671 65860
55411 63120
54424 64107
54467 64064
53413 65118
53616 64915
56402 62129
54639 63892
54569 63962
53073 65458
55154 63377
52746 65785
56542 61989
56020 62511
56356 62175
52294 66237
55989 62542
55339 63192
57780 60751
52555 65976
52007 66524
54620 63911
53953 64578
55942 62589
53531 65000
52154 66377
56005 62526
55633 62898
53043 65488
56944 61587
52621 65910
55524 63007
53093 65438
52997 65534
56026 62505
54829 63702
56403 62128
53667 64864
53106 65425
55251 63280
53677 64854
56622 61909
53000 65531
57448 61083
55540 62991
57787 60744
54680 63851
54312 64219
53293 65238
52103 66428
56290 62241
54682 63849
52528 66003
57935 60596
53911 64620
54587 63944
56938 61593
57483 61048
53223 65308
55779 62752
56990 61541
56892 61639
54216 64315
53135 65396
52945 65586
53039 65492
52923 65608
54743 63788
55959 62572
52459 66072
52814 65717
57478 61053
55752 62779
56339 62192
57212 61319
54711 63820
52537 65994
52519 66012
56485 62046
54244 64287
53644 64887
55855 62676
53562 64969
52821 65710
52974 65557
55494 63037
54429 64102
53336 65195
54234 64297
52963 65568
54499 64032
53051 65480
54410 64121
52371 66160
55775 62756
57983 60548
55568 62963
57000 61531
54593 63938
54146 64385
52199 66332
53928 64603
54134 64397
54594 63937
57931 60600
52223 66308
54308 64223
55173 63358
57381 61150
55806 62725
52384 66147
55951 62580
57069 61462
52962 65569
52320 66211
52502 66029
52055 66476
54361 64170
57435 61096
54667 63864
54959 63572
56846 61685
56360 62171
52819 65712
56901 61630
57093 61438
53492 65039
53856 64675
56523 62008
57276 61255
55632 62899
53176 65355
54099 64432
52942 65589
56558 61973
54589 63942
52780 65751
53629 64902
54894 63637
52649 65882
52601 65930
57105 61426
55906 62625
55036 63495
55968 62563
55078 63453
57317 61214
53196 65335
54718 63813
57073 61458
54466 64065
54943 63588
57801 60730
55977 62554
53622 64909
54916 63615
55316 63215
52693 65838
56030 62501
56968 61563
54135 64396
53183 65348
54788 63743
55220 63311
52774 65757
54471 64060
55714 62817
54220 64311
53637 64894
56013 62518
52121 66410
56024 62507
57666 60865
55887 62644
54967 63564
57474 61057
57128 61403
52326 66205
57145 61386
55912 62619
57049 61482
52309 66222
55425 63106
53711 64820
55465 63066
54383 64148
55123 63408
53641 64890
53563 64968
52232 66299
52214 66317
55159 63372
57684 60847
57380 61151
54191 64340
55865 62666
57129 61402
55305 63226
57938 60593
52203 66328
53180 65351
57664 60867
55666 62865
55308 63223
53159 65372
52890 65641
56007 62524
53453 65078
53726 64805
53579 64952
57350 61181
56273 62258
52830 65701
54625 63906
54150 64381
54050 64481
57204 61327
57375 61156
55984 62547
55716 62815
55472 63059
57715 60816
53735 64796
57271 61260
57297 61234
53558 64973
53983 64548
52749 65782
55501 63030
53039 65492
53476 65055
54613 63918
54751 63780
52937 65594
54356 64175
53708 64823
56788 61743
54672 63859
55638 62893
53717 64814
52141 66390
54790 63741
55025 63506
55865 62666
52417 66114
53122 65409
53299 65232
57162 61369
53347 65184
52380 66151
56623 61908
55600 62931
55058 63473
56806 61725
53428 65103
57810 60721
57680 60851
53655 64876
52509 66022
57413 61118
55583 62948
52599 65932
53351 65180
56084 62447
54508 64023
55907 62624
53234 65297
54991 63540
56916 61615
57918 60613
54253 64278
56135 62396
53984 64547
53568 64963
57572 60959
56828 61703
55945 62586
53059 65472
54224 64307
54747 63784
53197 65334
52890 65641
57340 61191
55355 63176
56467 62064
52668 65863
53081 65450
56504 62027
53412 65119
52261 66270
53975 64556
55460 63071
55395 63136
53782 64749
53114 65417
57668 60863
53440 65091
56642 61889
55609 62922
55912 62619
56650 61881
55804 62727
56153 62378
52666 65865
53463 65068
57887 60644
53658 64873
54355 64176
56837 61694
55459 63072
54430 64101
55224 63307
56035 62496
54828 63703
57857 60674
56006 62525
52524 66007
57471 61060
55563 62968
52799 65732
55558 62973
53805 64726
54757 63774
54068 64463
57842 60689
57034 61497
57369 61162
55412 63119
52374 66157
53659 64872
54568 63963
55666 62865
56305 62226
56400 62131
54744 63787
54287 64244
56855 61676
53800 64731
55143 63388
55135 63396
54651 63880
57358 61173
52505 66026
53123 65408
55687 62844
56353 62178
54991 63540
55355 63176
54738 63793
52047 66484
53132 65399
57301 61230
52088 66443
52690 65841
54169 64362
57743 60788
53717 64814
55582 62949
52673 65858
57524 61007
57834 60697
56589 61942
56150 62381
53237 65294
56543 61988
54869 63662
55953 62578
55827 62704
57675 60856
56638 61893
53371 65160
53172 65359
55783 62748
57531 61000
57893 60638
57902 60629
53135 65396
56454 62077
54376 64155
57651 60880
57410 61121
52167 66364
57364 61167
55683 62848
57756 60775
55545 62986
54559 63972
52934 65597
55370 63161
52425 66106
52812 65719
56333 62198
53439 65092
57752 60779
55493 63038
56802 61729
53320 65211
54824 63707
52057 66474
53181 65350
57945 60586
54317 64214
56557 61974
56925 61606
55195 63336
55717 62814
52096 66435
57367 61164
52905 65626
54703 63828
55885 62646
52931 65600
52170 66361
55557 62974
56461 62070
56054 62477
56224 62307
57057 61474
54967 63564
52365 66166
57984 60547
56036 62495
52262 66269
54414 64117
54976 63555
52876 65655
53881 64650
57402 61129
52350 66181
55002 63529
55177 63354
57327 61204
54221 64310
54752 63779
57910 60621
53306 65225
52832 65699
54492 64039
53630 64901
54613 63918
53464 65067
56009 62522
53017 65514
57342 61189
54716 63815
54161 64370
54694 63837
55618 62913
52288 66243
55023 63508
55172 63359
52696 65835
56710 61821
54463 64068
56012 62519
52936 65595
52002 66529
57142 61389
56932 61599
52948 65583
52961 65570
55542 62989
55990 62541
57980 60551
54105 64426
52208 66323
52693 65838
57951 60580
55026 63505
55216 63315
52423 66108
53097 65434
52224 66307
55867 62664
52308 66223
55826 62705
53797 64734
54907 63624
54868 63663
53301 65230
56577 61954
52970 65561
53772 64759
57936 60595
52927 65604
56306 62225
53726 64805
54154 64377
57381 61150
56793 61738
55880 62651
55782 62749
52526 66005
56312 62219
57570 60961
56387 62144
52963 65568
56094 62437
52723 65808
53267 65264
56715 61816
56473 62058
56783 61748
56661 61870
55265 63266
55169 63362
55446 63085
52951 65580
57974 60557
57568 60963
55885 62646
56590 61941
57539 60992
52783 65748
52509 66022
52364 66167
53000 65531
52324 66207
54658 63873
56667 61864
54766 63765
57028 61503
56271 62260
55853 62678
52565 65966
53729 64802
55975 62556
52472 66059
56462 62069
53099 65432
52801 65730
54708 63823
55370 63161
54253 64278
57708 60823
56526 62005
54730 63801
53290 65241
57068 61463
55219 63312
54592 63939
55168 63363
55049 63482
53873 64658
54149 64382
54694 63837
53938 64593
55602 62929
55454 63077
55852 62679
54400 64131
57730 60801
54070 64461
52695 65836
53343 65188
56337 62194
53761 64770
57325 61206
57791 60740
56353 62178
56610 61921
55334 63197
54571 63960
55067 63464
52539 65992
54493 64038
54439 64092
53660 64871
57549 60982
53240 65291
57579 60952
53937 64594
57957 60574
57811 60720
56069 62462
56276 62255
56836 61695
56709 61822
55137 63394
57923 60608
53397 65134
57465 61066
54784 63747
56252 62279
54438 64093
52031 66500
56613 61918
52255 66276
53813 64718
53146 65385
55171 63360
52779 65752
57921 60610
55524 63007
52465 66066
57896 60635
56821 61710
53840 64691
57542 60989
57733 60798
56526 62005
52104 66427
55206 63325
53345 65186
55758 62773
52778 65753
57032 61499
52751 65780
56376 62155
54783 63748
56016 62515
57760 60771
54670 63861
54426 64105
53475 65056
56401 62130
56181 62350
57583 60948
56400 62131
54373 64158
53905 64626
55108 63423
52164 66367
52194 66337
53003 65528
55349 63182
57582 60949
56838 61693
55584 62947
55302 63229
56030 62501
54615 63916
56016 62515
56243 62288
54920 63611
56408 62123
56174 62357
54545 63986
54055 64476
57426 61105
52627 65904
56740 61791
56800 61731
57947 60584
55879 62652
52316 66215
54736 63795
55730 62801
52156 66375
57942 60589
52242 66289
56520 62011
54545 63986
57847 60684
57629 60902
57602 60929
53405 65126
52874 65657
54034 64497
52622 65909
54020 64511
57160 61371
52227 66304
57712 60819
57857 60674
52651 65880
55609 62922
52449 66082
54855 63676
52423 66108
54557 63974
56752 61779
52302 66229
54525 64006
57277 61254
56474 62057
54651 63880
56865 61666
57283 61248
54247 64284
53321 65210
55335 63196
55221 63310
53587 64944
56994 61537
52260 66271
56662 61869
57694 60837
53670 64861
57084 61447
57658 60873
52188 66343
55077 63454
56798 61733
54049 64482
54038 64493
56548 61983
57984 60547
57849 60682
56406 62125
54315 64216
56628 61903
54335 64196
54490 64041
52860 65671
57565 60966
56707 61824
55477 63054
52450 66081
54469 64062
54736 63795
52388 66143
54517 64014
55998 62533
56712 61819
55723 62808
52294 66237
57279 61252
53149 65382
52162 66369
55434 63097
56894 61637
57524 61007
54084 64447
53881 64650
56328 62203
52103 66428
52957 65574
52336 66195
54348 64183
53361 65170
56147 62384
57351 61180
56889 61642
57747 60784
55095 63436
53895 64636
57721 60810
55415 63116
55048 63483
53513 65018
53857 64674
54724 63807
52631 65900
55500 63031
57959 60572
54814 63717
52410 66121
53692 64839
52720 65811
56493 62038
54645 63886
56229 62302
53547 64984
55717 62814
54105 64426
56934 61597
56010 62521
54089 64442
52862 65669
57075 61456
55941 62590
54057 64474
52432 66099
55657 62874
52356 66175
52602 65929
53755 64776
53480 65051
55071 63460
54060 64471
57638 60893
57171 61360
52803 65728
53890 64641
55587 62944
52203 66328
54435 64096
52014 66517
57542 60989
52868 65663
57426 61105
53830 64701
55493 63038
56427 62104
54085 64446
56942 61589
56944 61587
56995 61536
53154 65377
55375 63156
56415 62116
54904 63627
55166 63365
54288 64243
54263 64268
53320 65211
52630 65901
57954 60577
54840 63691
57179 61352
52372 66159
55742 62789
56944 61587
53609 64922
55143 63388
54404 64127
52233 66298
52310 66221
53441 65090
54770 63761
53331 65200
52505 66026
57221 61310
57134 61397
55353 63178
55777 62754
54259 64272
56356 62175
56737 61794
57459 61072
53097 65434
57372 61159
52935 65596
55609 62922
54282 64249
56495 62036
52661 65870
56531 62000
53272 65259
56264 62267
53187 65344
55102 63429
57231 61300
53696 64835
56220 62311
53171 65360
53542 64989
54379 64152
52623 65908
53779 64752
54992 63539
55388 63143
52501 66030
54362 64169
53412 65119
53288 65243
56483 62048
52948 65583
52276 66255
52500 66031
56317 62214
56645 61886
52659 52659
52610 65921
52233 66298
53074 65457
56139 62392
53720 64811
55980 62551
55044 63487
53060 65471
53928 64603
54541 63990
57548 60983
55962 62569
57312 61219
57979 60552
55564 62967
57522 61009
54932 63599
52422 66109
55710 62821
53891 64640
52106 66425
52921 65610
54969 63562
54988 63543
57998 60533
53367 65164
53671 64860
57098 61433
53997 64534
57273 61258
52260 66271
55818 62713
56452 62079
55424 63107
56464 62067
54631 63900
55307 63224
52688 65843
57863 60668
53376 65155
55489 63042
55900 62631
53266 65265
53120 65411
52460 66071
52358 66173
57728 60803
55213 63318
53460 65071
52532 65999
56140 62391
56962 61569
56804 61727
57850 60681
57913 60618
55135 63396
53187 65344
52007 66524
55975 62556
53369 65162
57104 61427
57670 60861
54832 63699
53557 64974
52593 65938
54395 64136
52595 65936
54111 64420
54844 63687
53384 65147
55639 62892
56595 61936
53553 64978
56319 62212
52088 66443
55064 63467
54018 64513
56445 62086
55049 63482
56719 61812
54121 64410
54559 63972
56965 61566
55444 63087
53680 64851
54305 64226
54241 64290
52541 65990
54430 64101
53051 65480
57447 61084
53304 65227
57041 61490
55467 63064
55866 62665
57297 61234
56699 61832
56089 62442
52605 65926
54889 63642
56073 62458
57549 60982
54369 64162
52955 65576
56578 61953
57975 60556
54587 63944
52620 65911
54286 64245
54510 64021
56343 62188
55401 63130
57136 61395
53965 64566
54405 64126
56516 62015
53985 64546
56378 62153
52673 65858
53251 65280
54844 63687
53489 65042
57666 60865
54688 63843
53767 64764
52272 66259
52713 65818
52364 66167
52267 66264
53523 65008
57399 61132
57248 61283
57748 60783
54178 64353
57828 60703
57908 60623
53417 65114
52382 66149
56406 62125
57250 61281
52222 66309
52520 66011
56069 62462
57704 60827
56961 61570
55573 62958
54150 64381
56171 62360
57974 60557
54977 63554
56349 62182
52009 66522
56778 61753
52065 66466
57841 60690
54037 64494
55341 63190
55292 63239
52376 66155
55000 63531
52151 66380
54618 63913
53596 64935
55527 63004
55085 63446
55793 62738
57327 61204
52034 66497
56571 61960
55495 63036
56926 61605
53447 65084
54062 64469
56532 61999
54353 64178
53941 64590
56696 61835
57821 60710
55832 62699
54651 63880
54912 63619
57377 61154
57401 61130
55011 63520
56539 61992
56226 62305
54228 64303
55710 62821
53123 65408
56296 62235
57671 60860
57335 61196
55195 63336
53945 64586
52043 66488
52146 66385
53292 65239
57183 61348
55155 63376
53031 65500
56226 62305
53347 65184
54771 63760
55215 63316
54268 64263
55363 63168
57321 61210
52235 66296
54525 64006
54495 64036
52971 65560
56459 62072
53830 64701
53775 64756
55624 62907
56224 62307
52320 66211
55889 62642
56700 61831
57456 61075
52222 66309
55989 62542
57440 61091
56491 62040
53442 65089
56308 62223
56221 62310
52966 65565
53333 65198
56374 62157
56222 62309
57391 61140
57171 61360
57999 60532
55901 62630
52719 65812
53563 64968
53208 65323
57077 61454
57714 60817
54328 64203
57662 60869
52549 65982
57870 60661
56973 61558
54244 64287
56279 62252
53833 64698
56246 62285
56956 61575
54073 64458
57492 57492
55713 62818
52922 65609
55550 62981
53486 65045
56271 62260
52989 65542
53115 65416
54559 63972
55642 62889
56202 62329
54226 64305
55360 63171
56983 61548
56469 62062
53093 65438
53657 64874
57120 61411
56628 61903
54216 64315
53799 64732
55707 62824
54560 63971
55857 62674
52342 66189
56432 62099
56554 61977
55859 62672
57785 60746
56361 62170
57231 61300
56903 61628
56701 61830
56151 62380
52915 65616
56647 61884
57048 61483
57120 61411
56727 61804
54402 64129
57016 61515
55371 63160
56915 61616
56406 62125
52642 65889
55674 62857
56244 62287
52297 66234
54695 63836
54313 64218
56451 62080
57845 60686
57608 60923
57928 60603
55651 62880
52274 66257
54380 64151
52006 66525
52306 66225
52713 65818
57532 60999
55858 62673
57360 61171
57540 60991
53447 65084
57731 60800
54329 64202
57538 60993
57281 61250
54093 64438
52583 65948
53290 65241
53304 65227
53123 65408
53688 64843
54762 63769
57103 61428
56216 62315
55136 63395
55898 62633
52386 66145
54805 63726
55426 63105
55377 63154
52882 65649
54995 63536
52779 65752
52144 66387
54214 64317
53490 65041
54992 63539
53111 65420
52459 66072
54537 63994
52342 66189
53367 65164
56351 62180
57827 60704
54358 64173
55253 63278
53688 64843
54829 63702
57888 60643
52162 66369
52812 65719
56910 61621
55141 63390
54973 63558
52975 65556
52228 66303
52188 66343
52062 66469
54921 63610
54888 63643
52605 65926
52743 65788
55567 62964
54256 64275
54715 63816
55037 63494
56999 61532
57473 61058
56326 62205
55421 63110
54350 64181
55585 62946
55540 62991
54218 64313
55389 63142
54997 63534
57206 61325
52252 66279
54509 64022
52061 66470
56170 62361
54327 64204
54229 64302
54458 64073
54330 64201
53300 65231
52018 66513
57195 61336
57050 61481
54434 64097
56355 62176
52926 65605
57485 61046
55261 63270
56052 62479
52238 66293
55807 62724
53710 64821
57953 60578
53264 65267
57494 61037
52161 66370
55497 63034
55351 63180
54483 64048
57812 60719
52988 65543
52330 66201
56527 62004
54954 63577
56080 62451
52125 66406
54473 64058
55658 62873
56308 62223
55605 62926
57391 61140
57261 61270
53105 65426
53247 65284
54803 63728
56209 62322
53934 64597
56579 61952
55078 63453
54551 63980
54294 64237
54653 63878
53320 65211
55279 63252
53183 65348
54677 63854
57276 61255
52815 65716
54293 64238
57260 61271
55054 63477
56789 61742
56607 61924
56594 61937
53851 64680
54082 64449
54936 63595
56597 61934
53024 65507
57321 61210
53522 65009
54219 64312
54290 64241
57165 61366
57852 60679
55777 62754
56918 61613
55765 62766
56133 62398
53304 65227
57713 60818
55586 62945
55688 62843
53522 65009
57573 60958
55328 63203
53917 64614
52625 65906
52312 66219
52574 65957
55175 63356
54002 64529
55020 63511
56733 61798
54263 64268
56982 61549
52680 65851
54119 64412
55493 63038
52460 66071
55991 62540
54713 63818
52637 65894
53091 65440
56987 61544
53436 65095
54986 63545
54349 64182
55890 62641
53330 65201
55599 62932
54959 63572
55645 62886
55371 63160
56158 62373
53634 64897
53801 64730
55704 62827
52602 65929
55425 63106
52454 66077
52406 66125
56583 61948
56567 61964
54686 63845
55288 63243
52263 66268
54372 64159
57207 61324
52651 65880
55983 62548
52021 66510
53119 65412
53426 65105
52156 66375
54343 64188
56980 61551
57640 60891
55384 63147
53823 64708
54734 63797
56956 61575
52750 65781
54488 64043
55412 63119
54252 64279
56402 62129
54901 63630
55500 63031
55800 62731
55589 62942
52089 66442
54487 64044
54165 64366
52893 65638
55100 63431
56852 61679
56946 61585
56891 61640
55403 63128
53365 65166
55487 63044
55863 62668
57860 60671
52109 66422
53315 65216
54158 64373
57798 60733
56330 62201
53060 65471
54400 64131
55416 63115
54003 64528
57584 60947
56670 61861
57306 61225
55889 62642
52472 66059
54991 63540
55947 62584
53185 65346
55150 63381
52662 65869
55769 62762
54858 63673
52441 66090
53112 65419
54020 64511
52241 66290
56372 62159
55705 62826
57679 60852
53537 64994
57973 60558
56501 62030
53166 65365
55957 62574
52569 65962
57413 61118
52510 66021
55992 62539
53001 65530
56032 62499
55924 62607
57508 61023
57757 60774
54488 64043
55233 63298
56571 61960
53352 65179
52205 66326
53916 64615
57236 61295
56791 61740
56804 61727
53522 65009
55494 63037
55873 62658
54094 64437
55968 62563
53476 65055
57850 60681
56541 61990
55424 63107
55778 62753
52171 66360
56727 61804
57994 60537
57498 61033
55298 63233
55664 62867
57587 60944
57383 61148
52239 66292
57523 61008
53465 65066
54200 64331
57403 61128
57216 61315
52394 66137
54546 63985
57878 60653
56991 61540
55077 63454
53640 64891
57950 60581