100
-538 -659
-570 -627
-588 -609
-572 -625
-539 -658
-570 -627
-441 -756
-554 -643
-541 -656
-432 -765
-532 -665
-419 -419
-585 -612
-592 -605
-557 -640
-496 -701
-508 -689
-539 -658
-573 -624
-439 -758
-519 -678
-563 -634
-428 -769
-568 -629
-444 -753
-460 -737
-502 -695
-515 -682
-429 -768
-576 -621
-418 -779
-590 -607
-453 -744
-475 -722
-442 -755
-445 -752
-593 -604
-439 -758
-575 -622
-505 -692
-564 -633
-426 -771
-518 -679
-455 -455
-568 -629
-409 -788
-472 -725
-474 -723
-590 -607
-417 -780
-455 -742
-541 -656
-513 -684
-532 -665
-474 -723
-440 -440
-581 -616
-407 -790
-567 -630
-507 -690
-461 -736
-529 -668
-474 -723
-458 -739
-495 -495
-518 -679
-516 -681
-551 -646
-418 -779
-417 -780
-479 -718
-525 -672
-513 -684
-508 -689
-594 -603
-557 -640
-470 -727
-548 -649
-460 -737
-503 -694
-560 -637
-424 -773
-509 -688
-404 -793
-457 -740
-483 -714
-537 -660
-585 -612
-437 -760
-419 -778
-590 -607
-579 -618
-557 -640
-476 -721
-407 -790
-454 -743
-486 -486
-505 -692
-593 -604
-464 -733