5000
150023 150007
150063 150084
150046 150025
150417 150407
150431 150409
150414 150388
150249 150234
150105 150079
150415 150375
150424 150386
150354 150378
150443 150470
150445 150435
150008 149980
150373 150401
150000 150049
150012 150034
150165 150187
150092 150053
150102 150076
150040 150060
150305 150262
150402 150419
150094 150136
150158 150108
150173 150143
150268 150283
150231 150255
150141 150131
150145 150161
150257 150239
150486 150526
150345 150317
150394 150365
150187 150155
150007 149986
150410 150451
150102 150143
150058 150080
150050 150079
150397 150369
150042 150075
150167 150185
150250 150225
150286 150320
150028 150039
150153 150167
150003 150018
150100 150082
150028 149998
150314 150356
150110 150158
150189 150206
150242 150226
150336 150348
150212 150188
150396 150375
150497 150448
150361 150338
150094 150110
150437 150391
150423 150466
150226 150245
150203 150177
150055 150023
150145 150107
150130 150147
150278 150250
150302 150285
150134 150104
150111 150069
150226 150260
150054 150075
150483 150471
150150 150130
150148 150115
150340 150350
150403 150452
150444 150489
150225 150198
150029 150006
150132 150147
150023 150048
150020 150006
150050 150060
150162 150172
150036 149995
150367 150415
150387 150420
150094 150116
150324 150303
150487 150474
150184 150164
150049 150091
150202 150180
150360 150345
150031 150068
150113 150156
150111 150078
150070 150105
150464 150480
150232 150185
150282 150241
150394 150378
150067 150022
150491 150502
150316 150298
150443 150403
150103 150076
150316 150343
150305 150348
150494 150536
150149 150106
150325 150354
150191 150158
150083 150098
150134 150151
150322 150292
150210 150178
150261 150233
150230 150216
150349 150396
150361 150322
150405 150428
150302 150292
150005 149961
150418 150386
150067 150108
150049 150068
150158 150205
150494 150450
150492 150454
150263 150225
150383 150357
150493 150453
150273 150286
150379 150406
150107 150061
150384 150409
150125 150145
150315 150274
150061 150080
150375 150355
150073 150119
150105 150064
150303 150273
150400 150419
150284 150271
150216 150197
150457 150494
150094 150071
150037 150063
150289 150277
150296 150329
150031 150059
150422 150434
150341 150361
150029 150070
150469 150425
150251 150295
150095 150069
150196 150165
150448 150412
150123 150146
150007 149964
150149 150111
150131 150164
150157 150118
150001 150020
150142 150126
150498 150535
150041 150081
150431 150398
150431 150405
150409 150452
150131 150106
150293 150243
150197 150214
150417 150401
150125 150148
150283 150303
150402 150356
150443 150462
150374 150361
150035 150052
150427 150452
150356 150343
150235 150216
150097 150120
150333 150346
150055 150032
150070 150086
150129 150090
150029 149980
150441 150415
150146 150188
150184 150144
150270 150255
150412 150368
150115 150126
150184 150206
150269 150304
150193 150221
150452 150410
150336 150352
150382 150404
150406 150445
150109 150129
150379 150336
150435 150398
150105 150151
150143 150109
150062 150036
150067 150100
150324 150274
150083 150055
150452 150435
150078 150028
150407 150373
150068 150050
150185 150150
150003 149982
150026 150051
150359 150328
150032 150075
150221 150197
150080 150093
150317 150345
150310 150350
150495 150478
150243 150257
150254 150281
150180 150157
150139 150111
150234 150216
150315 150350
150076 150047
150129 150178
150146 150165
150187 150150
150224 150185
150442 150423
150115 150099
150247 150221
150420 150457
150487 150454
150238 150205
150073 150023
150015 149994
150090 150057
150463 150476
150335 150385
150368 150350
150332 150372
150282 150297
150011 150060
150480 150504
150131 150164
150362 150374
150471 150443
150130 150144
150197 150243
150151 150121
150459 150448
150174 150154
150032 150043
150155 150141
150242 150262
150272 150230
150270 150308
150103 150071
150446 150490
150315 150349
150331 150312
150488 150470
150219 150233
150460 150477
150198 150211
150261 150310
150213 150191
150482 150497
150465 150504
150199 150184
150047 150008
150274 150225
150349 150312
150232 150271
150040 150021
150372 150416
150385 150398
150227 150245
150481 150493
150376 150336
150141 150091
150003 149956
150246 150276
150484 150459
150223 150203
150456 150420
150168 150156
150081 150102
150047 150076
150031 149982
150152 150177
150315 150270
150379 150356
150190 150173
150253 150204
150437 150447
150172 150135
150339 150372
150092 150130
150069 150085
150230 150216
150349 150322
150139 150093
150367 150390
150418 150432
150341 150308
150462 150415
150097 150128
150215 150196
150044 150079
150075 150107
150229 150269
150479 150468
150295 150306
150071 150039
150353 150373
150040 150062
150401 150387
150094 150121
150232 150281
150467 150417
150294 150331
150074 150119
150346 150378
150133 150155
150424 150402
150106 150117
150214 150200
150130 150148
150341 150297
150283 150264
150090 150059
150088 150134
150164 150143
150417 150376
150410 150397
150116 150080
150370 150396
150076 150100
150289 150300
150396 150415
150489 150451
150375 150347
150427 150455
150061 150037
150199 150189
150026 149991
150090 150122
150005 149993
150314 150281
150452 150471
150268 150244
150428 150454
150073 150045
150242 150194
150025 150050
150267 150305
150258 150233
150225 150182
150222 150246
150353 150389
150304 150273
150004 149961
150313 150298
150461 150449
150413 150447
150133 150181
150168 150184
150408 150423
150350 150305
150350 150396
150072 150097
150295 150327
150430 150460
150271 150231
150227 150254
150263 150245
150283 150325
150184 150202
150021 149990
150086 150046
150247 150292
150337 150378
150498 150523
150272 150311
150029 150073
150413 150385
150094 150121
150269 150306
150458 150501
150445 150484
150243 150267
150229 150207
150285 150326
150249 150278
150230 150189
150139 150183
150130 150157
150017 150036
150133 150160
150490 150519
150092 150050
150000 150015
150322 150359
150035 150053
150244 150232
150431 150404
150400 150421
150190 150202
150351 150390
150207 150170
150075 150106
150323 150304
150135 150113
150105 150072
150324 150351
150427 150445
150417 150401
150155 150141
150081 150048
150132 150119
150255 150287
150328 150283
150103 150135
150191 150151
150312 150279
150167 150122
150070 150086
150488 150515
150241 150217
150184 150203
150492 150481
150139 150184
150025 150035
150096 150065
150430 150467
150111 150144
150360 150404
150419 150380
150227 150253
150212 150177
150271 150222
150482 150516
150421 150466
150102 150142
150397 150384
150307 150339
150348 150315
150491 150519
150233 150257
150100 150061
150413 150384
150356 150306
150204 150216
150145 150195
150355 150390
150130 150178
150243 150213
150078 150102
150368 150391
150402 150375
150390 150366
150349 150368
150206 150235
150081 150117
150458 150479
150168 150155
150446 150465
150271 150316
150185 150157
150406 150443
150382 150406
150104 150092
150238 150263
150021 149990
150424 150399
150091 150050
150271 150302
150097 150133
150210 150177
150066 150044
150416 150367
150411 150397
150275 150323
150211 150237
150080 150067
150079 150056
150155 150174
150137 150123
150004 150030
150176 150138
150292 150327
150131 150087
150001 150026
150202 150235
150261 150271
150174 150152
150010 150031
150348 150385
150370 150344
150135 150181
150409 150361
150014 149965
150408 150447
150052 150070
150230 150209
150067 150047
150018 149978
150188 150148
150474 150429
150222 150244
150036 150069
150250 150294
150055 150068
150168 150187
150466 150436
150371 150336
150128 150166
150201 150214
150136 150185
150163 150138
150083 150125
150093 150078
150383 150345
150010 150039
150337 150359
150290 150314
150247 150284
150486 150508
150017 150007
150280 150237
150072 150104
150342 150305
150365 150320
150377 150336
150454 150434
150040 150090
150226 150216
150115 150135
150206 150195
150122 150143
150188 150206
150064 150029
150393 150343
150114 150135
150193 150222
150412 150367
150070 150057
150058 150088
150163 150133
150273 150304
150354 150309
150050 150075
150489 150460
150350 150327
150125 150174
150090 150063
150242 150208
150205 150224
150219 150180
150178 150213
150192 150157
150484 150463
150487 150513
150387 150360
150436 150475
150146 150195
150015 150027
150263 150313
150441 150402
150247 150233
150003 150053
150051 150068
150280 150304
150213 150232
150329 150314
150263 150296
150241 150289
150035 150058
150255 150266
150386 150349
150478 150502
150111 150158
150174 150201
150003 149982
150434 150387
150346 150384
150491 150465
150387 150401
150127 150159
150288 150327
150213 150257
150407 150455
150151 150137
150350 150305
150081 150104
150384 150335
150254 150272
150004 149974
150038 150017
150021 150050
150212 150194
150213 150247
150071 150031
150274 150251
150190 150177
150222 150235
150137 150153
150170 150181
150293 150308
150217 150230
150399 150413
150322 150274
150484 150471
150238 150225
150495 150460
150464 150432
150069 150092
150323 150368
150488 150467
150261 150310
150306 150273
150036 150009
150494 150522
150189 150177
150373 150413
150021 149992
150342 150385
150122 150078
150410 150440
150237 150220
150316 150341
150085 150037
150329 150368
150292 150340
150360 150379
150412 150388
150063 150106
150093 150043
150458 150436
150463 150511
150031 150063
150182 150144
150433 150455
150021 149980
150120 150095
150256 150296
150132 150121
150163 150124
150144 150162
150304 150326
150371 150336
150006 150048
150299 150317
150216 150204
150237 150255
150209 150173
150117 150097
150169 150132
150061 150035
150261 150212
150470 150447
150463 150452
150436 150462
150286 150274
150090 150047
150481 150432
150079 150053
150187 150171
150325 150347
150114 150081
150226 150206
150215 150165
150345 150306
150153 150141
150376 150420
150270 150240
150496 150463
150224 150184
150140 150188
150099 150081
150033 149988
150252 150267
150217 150238
150109 150069
150203 150240
150025 150012
150240 150277
150235 150225
150071 150115
150127 150164
150152 150169
150034 150002
150350 150362
150056 150028
150406 150361
150486 150519
150274 150258
150324 150291
150322 150299
150040 150070
150491 150473
150321 150282
150244 150200
150246 150211
150223 150200
150047 150002
150424 150469
150315 150267
150187 150203
150446 150496
150491 150462
150031 150014
150140 150162
150270 150300
150277 150323
150311 150267
150035 150059
150454 150495
150106 150156
150150 150122
150313 150290
150132 150178
150227 150271
150489 150476
150398 150380
150374 150348
150293 150273
150287 150300
150379 150413
150070 150031
150303 150342
150264 150310
150367 150325
150101 150133
150075 150062
150404 150438
150373 150344
150287 150246
150011 149967
150491 150477
150467 150494
150420 150430
150333 150356
150073 150049
150019 150062
150365 150341
150017 149998
150222 150207
150380 150421
150480 150449
150383 150359
150089 150042
150423 150470
150168 150211
150484 150460
150390 150371
150354 150367
150102 150057
150285 150254
150440 150474
150011 149991
150068 150086
150440 150484
150426 150457
150379 150400
150435 150423
150019 150069
150083 150035
150207 150232
150151 150162
150373 150390
150386 150345
150452 150421
150263 150291
150111 150099
150339 150302
150265 150215
150010 149999
150047 149997
150231 150194
150319 150341
150191 150223
150338 150369
150005 149975
150130 150090
150258 150270
150472 150520
150073 150112
150403 150372
150058 150048
150404 150394
150435 150462
150350 150331
150287 150273
150141 150171
150047 149999
150226 150178
150401 150390
150026 149997
150348 150389
150085 150061
150123 150139
150485 150535
150003 149977
150160 150136
150161 150201
150007 149973
150033 150083
150409 150364
150376 150386
150460 150491
150059 150099
150092 150134
150459 150494
150185 150213
150345 150313
150465 150438
150252 150241
150415 150399
150269 150299
150339 150378
150380 150370
150144 150154
150223 150241
150096 150116
150201 150167
150497 150475
150253 150302
150051 150064
150160 150143
150363 150400
150231 150212
150266 150253
150110 150125
150045 150091
150013 150059
150260 150309
150028 150076
150320 150297
150004 150021
150139 150177
150173 150212
150045 150021
150394 150381
150489 150520
150422 150402
150215 150234
150072 150120
150191 150205
150370 150341
150043 150059
150400 150351
150217 150187
150262 150278
150321 150369
150332 150346
150154 150134
150334 150366
150227 150185
150241 150265
150250 150204
150363 150348
150327 150283
150432 150396
150401 150370
150087 150053
150341 150373
150297 150326
150183 150156
150318 150356
150428 150401
150318 150351
150214 150180
150164 150208
150209 150194
150143 150129
150129 150112
150113 150071
150163 150204
150131 150082
150486 150528
150281 150316
150135 150163
150097 150084
150236 150192
150225 150193
150248 150266
150088 150102
150372 150414
150146 150156
150138 150155
150131 150155
150351 150398
150215 150246
150429 150405
150228 150262
150333 150364
150135 150181
150086 150056
150145 150175
150090 150080
150253 150277
150234 150200
150229 150207
150235 150185
150182 150148
150301 150342
150331 150356
150178 150158
150011 149970
150182 150139
150052 150100
150434 150395
150412 150445
150068 150081
150273 150301
150454 150470
150403 150355
150076 150037
150109 150088
150176 150193
150054 150014
150055 150019
150328 150373
150224 150199
150162 150134
150289 150312
150221 150188
150224 150255
150492 150456
150054 150004
150166 150193
150109 150071
150400 150424
150377 150425
150202 150164
150309 150269
150017 150058
150417 150385
150032 149987
150488 150452
150494 150518
150198 150183
150435 150421
150145 150124
150269 150312
150104 150135
150043 150078
150310 150344
150180 150212
150436 150402
150236 150246
150078 150034
150309 150279
150080 150098
150451 150484
150360 150340
150156 150112
150387 150399
150217 150177
150243 150288
150037 150024
150448 150495
150166 150126
150421 150399
150479 150528
150290 150267
150222 150196
150029 150073
150162 150198
150002 150032
150426 150416
150194 150149
150061 150012
150162 150149
150285 150335
150240 150284
150413 150393
150261 150291
150366 150398
150111 150061
150159 150200
150045 150062
150039 150071
150368 150344
150154 150142
150305 150350
150018 150052
150335 150304
150025 150058
150038 149990
150459 150478
150183 150212
150011 149982
150178 150189
150048 150008
150187 150170
150389 150418
150051 150015
150128 150115
150154 150177
150233 150183
150447 150497
150030 150080
150389 150367
150086 150051
150120 150169
150096 150063
150472 150506
150483 150449
150110 150096
150450 150473
150182 150217
150223 150270
150233 150196
150083 150117
150206 150250
150461 150478
150479 150455
150292 150326
150262 150283
150436 150415
150396 150410
150239 150194
150030 150006
150337 150311
150404 150419
150341 150307
150392 150356
150431 150464
150243 150224
150345 150357
150182 150166
150372 150398
150225 150215
150169 150219
150214 150191
150084 150101
150410 150427
150375 150421
150409 150377
150068 150098
150165 150189
150297 150268
150078 150119
150346 150300
150135 150111
150333 150370
150147 150175
150199 150236
150222 150179
150242 150228
150147 150169
150205 150226
150042 150008
150490 150530
150326 150287
150267 150244
150058 150031
150280 150239
150397 150443
150445 150411
150212 150254
150161 150118
150311 150292
150168 150152
150353 150340
150370 150390
150194 150163
150164 150193
150003 150032
150102 150136
150119 150130
150185 150204
150148 150123
150452 150407
150320 150332
150473 150427
150077 150102
150353 150311
150139 150126
150051 150087
150031 150052
150294 150313
150334 150374
150151 150134
150029 150078
150100 150117
150209 150245
150322 150349
150123 150112
150020 150030
150291 150304
150018 150038
150110 150157
150235 150199
150017 149992
150068 150044
150167 150126
150387 150403
150151 150140
150028 149981
150428 150447
150092 150046
150287 150266
150109 150120
150156 150179
150014 149967
150292 150268
150147 150103
150428 150440
150242 150273
150487 150439
150019 150054
150020 150001
150350 150322
150302 150325
150387 150398
150344 150317
150465 150494
150085 150066
150342 150357
150346 150386
150169 150204
150287 150253
150344 150379
150423 150470
150197 150246
150291 150258
150311 150341
150401 150364
150122 150095
150360 150315
150202 150227
150483 150450
150181 150146
150372 150403
150351 150332
150193 150176
150261 150244
150490 150480
150165 150205
150044 150016
150117 150150
150326 150294
150205 150166
150118 150075
150018 150005
150424 150462
150106 150134
150432 150399
150007 149996
150061 150037
150269 150241
150312 150281
150000 150039
150270 150255
150270 150282
150227 150246
150149 150181
150183 150168
150098 150076
150262 150278
150153 150169
150094 150105
150487 150464
150106 150089
150110 150069
150171 150211
150013 150048
150139 150172
150496 150540
150379 150348
150043 150066
150226 150250
150199 150236
150109 150073
150122 150134
150475 150440
150251 150281
150046 150084
150357 150396
150267 150291
150137 150166
150095 150145
150232 150217
150477 150442
150229 150241
150125 150167
150076 150121
150047 150010
150100 150077
150077 150045
150482 150516
150029 149983
150316 150339
150395 150424
150277 150311
150120 150141
150399 150377
150362 150334
150164 150205
150414 150380
150432 150389
150038 150079
150047 150083
150187 150228
150137 150170
150046 150078
150334 150285
150166 150179
150301 150335
150180 150147
150084 150052
150072 150095
150431 150403
150487 150534
150000 150050
150477 150506
150052 150003
150437 150481
150151 150187
150112 150123
150221 150231
150345 150318
150083 150055
150465 150424
150101 150134
150225 150212
150280 150316
150371 150340
150108 150137
150496 150528
150456 150496
150491 150519
150393 150354
150291 150330
150045 150065
150322 150336
150215 150263
150218 150228
150397 150365
150314 150345
150118 150090
150294 150318
150401 150411
150421 150377
150476 150487
150127 150085
150107 150062
150310 150343
150357 150382
150469 150419
150287 150335
150250 150276
150467 150503
150276 150233
150206 150168
150387 150341
150263 150302
150022 149979
150313 150337
150183 150151
150308 150276
150172 150150
150357 150389
150341 150391
150039 150017
150447 150413
150042 150090
150326 150313
150413 150371
150129 150161
150205 150227
150397 150417
150385 150396
150459 150418
150106 150154
150324 150358
150446 150481
150461 150508
150360 150392
150456 150429
150061 150031
150473 150504
150258 150218
150150 150129
150307 150341
150385 150414
150027 150043
150125 150076
150300 150270
150366 150395
150114 150134
150045 150095
150448 150433
150293 150280
150335 150353
150063 150102
150164 150133
150062 150051
150037 150085
150467 150422
150262 150245
150444 150476
150140 150099
150326 150313
150157 150201
150409 150429
150190 150172
150185 150196
150041 150054
150338 150370
150228 150269
150133 150104
150454 150442
150465 150501
150487 150439
150222 150252
150163 150114
150442 150454
150155 150195
150085 150040
150272 150259
150042 149999
150485 150473
150258 150227
150468 150449
150026 149990
150117 150139
150385 150365
150375 150393
150329 150288
150488 150536
150054 150079
150105 150087
150164 150129
150317 150287
150184 150162
150193 150229
150484 150434
150201 150188
150095 150115
150322 150303
150165 150145
150096 150108
150076 150061
150034 149998
150296 150258
150400 150429
150190 150224
150157 150171
150450 150487
150077 150044
150418 150444
150447 150475
150452 150478
150052 150032
150450 150402
150246 150206
150104 150124
150402 150374
150476 150490
150410 150441
150321 150371
150034 150002
150423 150409
150094 150082
150217 150245
150327 150337
150215 150198
150017 150048
150026 149986
150376 150353
150330 150357
150473 150499
150473 150457
150160 150206
150442 150473
150102 150076
150180 150162
150084 150097
150378 150391
150319 150303
150449 150421
150087 150074
150225 150261
150004 150022
150182 150192
150413 150375
150278 150238
150054 150029
150460 150423
150228 150277
150491 150534
150261 150299
150175 150144
150357 150345
150389 150371
150384 150408
150233 150251
150110 150077
150043 150079
150013 149992
150471 150434
150026 150046
150438 150414
150023 149994
150227 150257
150435 150408
150313 150338
150220 150263
150412 150386
150158 150183
150258 150238
150157 150199
150128 150174
150050 150028
150056 150035
150331 150356
150304 150283
150230 150250
150058 150080
150385 150374
150091 150117
150271 150230
150375 150342
150380 150351
150332 150292
150473 150451
150323 150285
150016 150031
150498 150533
150157 150171
150365 150403
150459 150423
150306 150285
150279 150295
150471 150505
150214 150190
150264 150214
150411 150459
150100 150065
150432 150476
150049 150072
150120 150147
150062 150098
150043 150054
150129 150084
150289 150320
150296 150331
150003 149973
150443 150414
150001 150014
150033 150050
150068 150088
150285 150321
150120 150096
150116 150086
150085 150132
150489 150479
150497 150529
150093 150060
150054 150073
150108 150091
150353 150392
150376 150424
150219 150249
150141 150095
150420 150432
150365 150349
150280 150301
150455 150426
150292 150309
150280 150269
150083 150055
150378 150355
150016 150042
150098 150129
150231 150183
150396 150363
150333 150370
150367 150340
150206 150184
150457 150429
150320 150302
150422 150390
150466 150452
150303 150292
150327 150311
150116 150165
150276 150255
150248 150210
150081 150055
150103 150123
150072 150029
150164 150179
150206 150242
150487 150529
150237 150286
150277 150316
150006 149966
150168 150197
150406 150371
150171 150159
150197 150229
150029 150060
150165 150177
150043 150070
150486 150448
150475 150492
150215 150230
150439 150483
150259 150215
150136 150099
150271 150259
150097 150114
150119 150088
150306 150276
150183 150202
150460 150501
150160 150183
150454 150472
150028 150071
150088 150075
150243 150196
150190 150153
150338 150372
150441 150415
150013 149997
150363 150387
150156 150135
150423 150454
150199 150223
150439 150400
150480 150527
150032 150061
150382 150420
150241 150198
150279 150293
150364 150403
150456 150446
150443 150396
150173 150184
150343 150295
150230 150274
150329 150360
150475 150525
150248 150238
150115 150084
150098 150143
150037 150016
150411 150435
150217 150196
150140 150115
150201 150174
150088 150101
150028 149987
150346 150368
150178 150206
150286 150244
150447 150415
150477 150445
150045 150027
150037 150020
150232 150279
150161 150114
150014 149985
150181 150208
150305 150261
150216 150266
150329 150284
150226 150211
150314 150350
150134 150144
150389 150371
150181 150135
150007 150033
150254 150278
150481 150524
150362 150349
150034 150077
150272 150321
150145 150156
150159 150112
150131 150095
150050 150075
150410 150458
150268 150237
150276 150286
150295 150338
150153 150123
150396 150432
150041 150062
150321 150281
150365 150404
150070 150083
150234 150215
150466 150426
150463 150502
150317 150333
150242 150212
150235 150268
150020 150004
150444 150405
150372 150421
150353 150375
150253 150239
150338 150317
150252 150289
150482 150433
150159 150171
150270 150228
150123 150164
150376 150341
150467 150491
150349 150367
150262 150294
150399 150373
150003 150023
150476 150452
150107 150090
150433 150408
150138 150109
150164 150119
150264 150307
150180 150139
150373 150400
150351 150317
150366 150349
150030 150005
150056 150022
150406 150382
150138 150150
150391 150417
150042 150011
150295 150314
150083 150131
150171 150197
150423 150456
150075 150087
150110 150124
150107 150066
150344 150375
150093 150058
150219 150253
150457 150429
150139 150182
150100 150125
150044 150006
150020 149978
150156 150191
150436 150457
150165 150198
150340 150316
150474 150499
150086 150036
150311 150323
150476 150509
150334 150360
150261 150226
150420 150438
150301 150324
150083 150044
150316 150274
150054 150067
150083 150105
150406 150366
150075 150049
150017 150060
150011 150024
150213 150195
150226 150240
150335 150301
150252 150231
150458 150485
150250 150235
150143 150176
150352 150324
150184 150214
150441 150475
150199 150229
150290 150309
150188 150212
150019 149981
150137 150167
150035 150081
150410 150443
150077 150119
150299 150255
150398 150425
150295 150328
150075 150053
150039 150010
150436 150403
150164 150133
150493 150462
150402 150416
150099 150049
150115 150104
150499 150482
150471 150520
150355 150324
150184 150221
150186 150163
150248 150225
150046 150027
150290 150301
150175 150151
150169 150216
150370 150394
150310 150261
150360 150381
150445 150429
150034 149993
150408 150419
150284 150261
150289 150271
150260 150287
150029 149990
150146 150172
150132 150082
150248 150212
150409 150392
150111 150133
150105 150147
150023 150048
150134 150166
150091 150136
150372 150401
150376 150406
150238 150222
150398 150355
150495 150538
150016 150040
150472 150447
150171 150206
150136 150174
150463 150451
150251 150230
150284 150300
150252 150217
150217 150189
150142 150176
150349 150388
150473 150514
150323 150278
150089 150103
150021 150010
150308 150340
150052 150089
150283 150247
150067 150111
150336 150373
150412 150440
150250 150240
150216 150248
150055 150087
150081 150113
150320 150369
150241 150268
150100 150070
150467 150457
150336 150301
150486 150444
150478 150439
150350 150393
150266 150232
150102 150127
150201 150217
150494 150457
150162 150189
150360 150312
150227 150276
150450 150482
150381 150420
150329 150312
150233 150269
150236 150190
150118 150168
150180 150136
150257 150285
150445 150409
150440 150430
150074 150112
150123 150079
150196 150158
150380 150392
150420 150409
150473 150497
150167 150190
150191 150210
150067 150053
150327 150311
150013 150056
150314 150278
150128 150173
150088 150132
150406 150379
150058 150098
150397 150369
150406 150423
150151 150123
150350 150397
150444 150422
150202 150218
150395 150376
150286 150242
150402 150440
150450 150479
150350 150304
150412 150375
150443 150421
150078 150112
150364 150322
150099 150050
150160 150134
150245 150282
150072 150038
150428 150384
150180 150212
150014 149992
150178 150206
150315 150345
150062 150097
150317 150307
150350 150311
150289 150244
150168 150216
150453 150483
150136 150117
150442 150425
150323 150283
150226 150192
150400 150443
150272 150289
150070 150027
150301 150326
150395 150355
150156 150114
150263 150280
150499 150463
150069 150030
150278 150232
150459 150430
150167 150201
150145 150128
150244 150212
150312 150344
150116 150130
150364 150326
150435 150473
150418 150404
150293 150273
150182 150155
150405 150356
150283 150301
150299 150311
150396 150346
150148 150185
150295 150255
150475 150503
150206 150248
150483 150444
150487 150516
150340 150307
150455 150443
150151 150194
150279 150302
150310 150290
150299 150259
150042 150065
150010 150027
150219 150241
150358 150336
150385 150432
150454 150436
150180 150202
150328 150295
150113 150082
150393 150429
150012 150023
150456 150497
150433 150453
150282 150265
150239 150283
150301 150251
150165 150191
150262 150216
150461 150499
150373 150354
150251 150211
150446 150406
150468 150418
150116 150163
150166 150189
150022 150055
150324 150297
150116 150091
150250 150273
150123 150109
150076 150088
150126 150091
150403 150377
150125 150140
150127 150081
150119 150099
150117 150085
150312 150263
150274 150264
150093 150076
150447 150458
150268 150227
150139 150120
150335 150361
150108 150085
150353 150390
150261 150242
150278 150299
150363 150324
150048 150000
150021 150033
150108 150058
150310 150326
150142 150117
150077 150052
150142 150104
150047 150006
150031 150007
150425 150376
150370 150332
150428 150387
150367 150327
150384 150433
150299 150313
150332 150345
150313 150333
150195 150169
150304 150275
150252 150270
150096 150112
150047 150027
150063 150026
150152 150175
150449 150489
150236 150265
150434 150386
150133 150108
150387 150405
150298 150327
150140 150124
150233 150281
150364 150375
150093 150115
150171 150198
150363 150401
150170 150139
150164 150189
150172 150145
150003 149965
150233 150185
150217 150198
150418 150407
150174 150148
150319 150298
150071 150021
150134 150147
150389 150369
150129 150147
150022 150058
150212 150188
150453 150413
150486 150505
150278 150299
150314 150364
150222 150249
150312 150351
150247 150277
150440 150465
150348 150307
150031 150009
150175 150193
150330 150300
150473 150496
150038 150027
150324 150347
150367 150322
150072 150029
150295 150273
150283 150301
150406 150424
150290 150265
150215 150172
150423 150395
150086 150072
150305 150295
150481 150507
150096 150060
150356 150403
150170 150201
150275 150252
150089 150049
150116 150104
150399 150425
150382 150353
150275 150314
150156 150185
150110 150120
150284 150245
150193 150207
150123 150107
150133 150163
150377 150400
150290 150334
150239 150271
150467 150448
150499 150480
150469 150518
150020 150000
150326 150351
150284 150312
150342 150296
150151 150200
150364 150408
150148 150184
150108 150071
150428 150476
150450 150464
150467 150435
150167 150181
150453 150427
150472 150516
150300 150266
150446 150468
150412 150432
150065 150112
150424 150381
150414 150397
150438 150392
150023 149983
150070 150058
150330 150377
150177 150135
150342 150368
150479 150513
150394 150425
150283 150328
150307 150331
150434 150462
150411 150373
150373 150355
150113 150158
150065 150019
150334 150366
150263 150220
150457 150442
150256 150210
150222 150246
150129 150167
150058 150103
150214 150247
150456 150470
150484 150506
150207 150248
150142 150176
150167 150139
150242 150227
150382 150337
150184 150172
150480 150468
150193 150212
150466 150496
150176 150210
150257 150294
150105 150123
150161 150187
150232 150193
150161 150184
150426 150414
150222 150184
150337 150356
150153 150168
150098 150136
150011 149993
150341 150353
150207 150163
150471 150504
150253 150203
150307 150334
150446 150482
150354 150317
150338 150352
150327 150360
150047 150071
150260 150238
150056 150086
150351 150301
150245 150257
150139 150129
150348 150318
150294 150341
150257 150246
150085 150120
150032 149997
150461 150442
150012 149987
150264 150276
150301 150287
150309 150330
150244 150196
150244 150290
150157 150200
150265 150309
150045 150029
150232 150190
150306 150332
150231 150274
150244 150210
150126 150166
150364 150354
150349 150314
150354 150393
150201 150173
150415 150442
150089 150106
150272 150249
150496 150447
150052 150102
150099 150139
150442 150458
150209 150246
150404 150386
150208 150167
150143 150160
150277 150244
150428 150441
150063 150106
150379 150397
150323 150298
150192 150168
150011 149993
150201 150187
150039 150059
150147 150195
150186 150197
150323 150291
150220 150203
150370 150407
150043 150089
150088 150114
150221 150176
150164 150187
150031 150075
150195 150239
150136 150104
150217 150249
150470 150507
150292 150249
150087 150068
150050 150060
150375 150344
150121 150085
150451 150462
150193 150180
150407 150381
150273 150254
150065 150034
150268 150298
150437 150480
150155 150125
150173 150217
150443 150471
150403 150372
150315 150335
150233 150194
150399 150410
150209 150174
150038 150020
150441 150396
150320 150295
150175 150223
150050 150073
150131 150153
150492 150465
150475 150448
150268 150310
150227 150267
150020 150004
150342 150325
150001 150028
150496 150510
150132 150150
150160 150133
150127 150079
150403 150441
150260 150294
150413 150377
150115 150155
150029 150075
150169 150121
150319 150337
150295 150335
150070 150112
150311 150281
150366 150327
150021 149978
150061 150085
150036 150050
150313 150358
150129 150171
150475 150439
150457 150469
150499 150459
150389 150353
150093 150060
150368 150384
150199 150180
150379 150367
150028 150053
150398 150354
150032 150043
150282 150322
150011 150047
150428 150450
150340 150327
150054 150079
150057 150092
150057 150045
150426 150392
150360 150401
150487 150520
150303 150261
150374 150423
150180 150133
150417 150398
150221 150267
150468 150441
150020 149984
150493 150453
150161 150142
150447 150415
150103 150113
150300 150251
150033 150023
150486 150451
150182 150135
150192 150216
150337 150367
150464 150428
150368 150330
150007 150028
150289 150268
150323 150312
150219 150199
150014 149982
150017 150053
150307 150280
150466 150456
150396 150434
150163 150187
150404 150414
150070 150056
150477 150443
150360 150375
150077 150030
150363 150321
150124 150106
150219 150264
150243 150230
150400 150421
150001 149976
150362 150400
150412 150388
150114 150157
150463 150432
150152 150178
150052 150008
150498 150459
150256 150278
150258 150300
150065 150111
150310 150278
150089 150079
150328 150340
150411 150438
150003 150017
150012 150001
150120 150110
150175 150187
150145 150156
150438 150455
150499 150512
150100 150070
150152 150172
150086 150119
150035 150061
150458 150416
150190 150175
150083 150064
150313 150272
150091 150127
150488 150530
150115 150164
150397 150423
150341 150318
150038 150063
150481 150435
150424 150398
150065 150087
150474 150515
150451 150423
150492 150459
150296 150257
150342 150325
150452 150410
150340 150373
150463 150503
150433 150402
150015 149994
150422 150400
150053 150041
150169 150147
150117 150085
150077 150124
150324 150374
150056 150029
150312 150292
150479 150440
150290 150275
150109 150061
150212 150169
150308 150336
150079 150096
150314 150268
150329 150290
150312 150357
150467 150494
150301 150343
150486 150523
150165 150130
150288 150327
150070 150098
150333 150348
150155 150125
150365 150343
150231 150275
150052 150019
150053 150082
150186 150140
150167 150134
150213 150261
150495 150469
150489 150454
150350 150389
150085 150065
150262 150310
150329 150351
150040 150072
150006 150047
150420 150439
150412 150378
150006 149982
150096 150109
150313 150292
150367 150352
150490 150478
150451 150428
150130 150169
150431 150403
150150 150161
150282 150245
150080 150042
150272 150232
150159 150181
150181 150137
150013 150042
150290 150331
150221 150171
150205 150190
150159 150196
150220 150249
150085 150070
150365 150380
150347 150391
150121 150157
150210 150232
150219 150230
150315 150365
150299 150330
150142 150123
150494 150507
150465 150422
150469 150450
150369 150326
150002 149970
150242 150228
150014 149965
150369 150351
150232 150203
150205 150175
150191 150165
150148 150193
150408 150391
150199 150227
150203 150164
150084 150067
150400 150445
150375 150362
150311 150339
150138 150151
150354 150393
150398 150427
150196 150170
150107 150147
150311 150355
150094 150062
150139 150089
150086 150054
150168 150211
150466 150444
150347 150394
150061 150100
150399 150424
150492 150443
150020 150049
150268 150318
150377 150412
150057 150040
150319 150308
150426 150385
150045 150082
150037 150024
150270 150239
150489 150457
150147 150161
150288 150238
150411 150387
150106 150057
150294 150305
150075 150112
150390 150438
150442 150405
150039 150019
150289 150254
150286 150261
150297 150283
150034 149988
150224 150190
150453 150404
150041 150090
150000 149969
150441 150455
150352 150327
150283 150248
150013 149963
150067 150038
150332 150285
150337 150350
150453 150477
150083 150048
150086 150134
150323 150279
150332 150344
150230 150264
150183 150164
150354 150338
150154 150203
150421 150438
150321 150294
150475 150443
150001 150027
150000 150036
150162 150149
150348 150338
150415 150375
150207 150245
150174 150151
150400 150385
150075 150056
150110 150120
150417 150456
150449 150431
150310 150353
150350 150395
150223 150255
150337 150319
150172 150146
150209 150184
150018 150002
150068 150109
150178 150204
150051 150097
150047 150085
150321 150302
150270 150288
150319 150273
150122 150170
150217 150235
150353 150325
150173 150215
150368 150384
150147 150161
150372 150401
150343 150325
150484 150457
150178 150193
150314 150279
150221 150258
150406 150436
150309 150288
150466 150501
150480 150491
150023 150057
150402 150451
150388 150358
150184 150143
150289 150334
150488 150518
150292 150270
150109 150158
150347 150374
150095 150129
150064 150096
150034 150068
150439 150467
150201 150174
150079 150042
150121 150086
150247 150257
150285 150316
150367 150340
150254 150289
150486 150504
150153 150138
150120 150105
150417 150435
150162 150208
150194 150234
150302 150257
150457 150425
150311 150271
150062 150102
150049 150067
150238 150268
150013 150036
150017 150053
150390 150435
150147 150187
150423 150386
150223 150237
150289 150261
150332 150361
150059 150069
150141 150097
150490 150460
150009 149964
150429 150417
150401 150413
150326 150350
150344 150384
150386 150369
150075 150106
150437 150454
150080 150053
150397 150411
150221 150263
150134 150108
150406 150435
150057 150025
150235 150251
150074 150032
150241 150214
150356 150308
150320 150288
150234 150215
150435 150401
150177 150223
150060 150099
150258 150225
150332 150290
150035 149995
150478 150438
150061 150033
150474 150517
150214 150225
150414 150444
150387 150398
150321 150285
150433 150397
150062 150045
150106 150155
150280 150296
150197 150240
150118 150068
150169 150209
150137 150150
150440 150485
150456 150467
150408 150359
150295 150264
150158 150191
150363 150394
150110 150100
150145 150101
150181 150150
150189 150238
150139 150112
150487 150533
150020 150038
150360 150334
150364 150389
150025 150074
150048 150027
150391 150351
150409 150385
150051 150084
150379 150419
150149 150125
150270 150305
150418 150382
150066 150114
150070 150089
150138 150106
150246 150236
150467 150494
150343 150370
150250 150208
150355 150397
150165 150206
150189 150179
150156 150169
150068 150026
150224 150181
150157 150203
150231 150213
150093 150043
150345 150360
150248 150211
150093 150062
150028 150015
150286 150314
150081 150070
150428 150456
150363 150349
150225 150181
150327 150350
150472 150497
150350 150378
150390 150362
150293 150265
150354 150381
150357 150403
150231 150253
150237 150281
150005 149980
150169 150127
150129 150087
150465 150447
150214 150225
150179 150149
150091 150053
150360 150335
150082 150040
150484 150516
150196 150171
150411 150450
150428 150404
150120 150131
150149 150198
150264 150226
150120 150153
150093 150130
150466 150508
150329 150297
150415 150401
150373 150346
150117 150084
150065 150085
150492 150479
150363 150382
150026 150067
150082 150050
150482 150493
150015 150001
150316 150271
150478 150490
150295 150258
150170 150212
150119 150090
150255 150299
150298 150322
150127 150146
150429 150441
150428 150410
150061 150104
150243 150275
150052 150091
150361 150336
150013 150059
150496 150543
150043 150005
150020 150004
150169 150138
150065 150017
150305 150333
150476 150439
150404 150380
150346 150377
150365 150379
150379 150422
150212 150189
150267 150285
150419 150443
150167 150185
150495 150544
150227 150210
150479 150463
150385 150415
150333 150309
150399 150354
150282 150308
150140 150113
150208 150241
150183 150226
150023 149997
150119 150148
150476 150521
150308 150343
150284 150324
150287 150313
150297 150330
150165 150199
150461 150420
150266 150278
150458 150506
150039 150021
150200 150211
150319 150348
150058 150106
150396 150445
150389 150399
150471 150505
150435 150406
150244 150283
150152 150196
150282 150247
150106 150124
150340 150305
150200 150230
150113 150161
150396 150420
150430 150463
150006 150056
150040 150025
150388 150366
150350 150336
150243 150217
150428 150477
150263 150288
150398 150358
150008 149975
150302 150282
150387 150421
150177 150160
150054 150018
150479 150465
150148 150186
150283 150267
150334 150366
150028 150015
150423 150436
150465 150498
150225 150193
150075 150096
150316 150301
150407 150453
150176 150151
150181 150228
150417 150396
150004 149982
150203 150184
150403 150443
150245 150256
150330 150378
150026 149976
150010 150046
150222 150261
150467 150498
150244 150225
150380 150401
150437 150450
150170 150210
150456 150477
150121 150102
150480 150434
150124 150112
150167 150178
150117 150083
150183 150149
150310 150342
150026 150057
150302 150268
150150 150168
150467 150506
150313 150302
150303 150332
150150 150100
150175 150146
150047 149999
150344 150298
150206 150196
150027 150077
150169 150195
150002 150038
150471 150423
150025 149980
150093 150063
150059 150078
150255 150211
150217 150235
150336 150286
150299 150271
150110 150123
150307 150289
150223 150190
150344 150361
150324 150284
150001 150028
150481 150495
150086 150057
150171 150158
150267 150224
150213 150248
150267 150222
150276 150238
150453 150425
150006 149957
150178 150159
150164 150130
150410 150361
150097 150144
150463 150450
150473 150458
150400 150429
150445 150419
150018 150001
150059 150092
150061 150103
150235 150270
150117 150154
150224 150254
150175 150147
150471 150444
150353 150325
150104 150131
150257 150304
150473 150512
150168 150121
150132 150108
150078 150098
150385 150424
150491 150458
150011 150051
150225 150248
150481 150460
150145 150125
150254 150216
150103 150058
150366 150390
150216 150248
150044 150019
150455 150492
150374 150349
150422 150432
150450 150465
150010 150050
150082 150064
150370 150341
150174 150194
150179 150144
150136 150181
150413 150383
150103 150062
150156 150121
150079 150104
150308 150343
150286 150320
150144 150100
150074 150110
150045 150008
150423 150467
150354 150404
150468 150426
150465 150491
150263 150278
150126 150100
150446 150413
150297 150334
150474 150519
150362 150334
150402 150438
150018 150039
150172 150204
150295 150307
150294 150280
150007 149997
150190 150237
150346 150375
150376 150351
150430 150475
150028 150048
150080 150066
150215 150252
150287 150267
150406 150418
150383 150359
150030 149988
150316 150304
150384 150353
150213 150186
150018 150049
150283 150314
150294 150343
150322 150334
150272 150314
150285 150309
150471 150430
150335 150289
150440 150390
150340 150358
150241 150274
150252 150291
150356 150373
150005 150031
150047 150033
150123 150086
150487 150515
150207 150157
150364 150314
150045 150014
150273 150318
150337 150369
150317 150270
150495 150511
150244 150284
150493 150520
150228 150255
150132 150149
150488 150445
150324 150299
150346 150385
150346 150364
150219 150235
150017 150035
150328 150297
150287 150242
150275 150300
150084 150123
150247 150218
150194 150228
150364 150391
150125 150151
150468 150420
150309 150346
150221 150174
150262 150235
150169 150209
150401 150364
150253 150280
150178 150147
150249 150282
150344 150311
150387 150399
150063 150045
150434 150405
150242 150288
150062 150040
150237 150266
150343 150326
150169 150188
150134 150101
150364 150323
150038 150025
150307 150269
150032 150065
150008 150045
150306 150263
150194 150144
150452 150425
150229 150209
150341 150377
150441 150396
150147 150188
150113 150147
150091 150062
150384 150425
150463 150432
150422 150455
150071 150039
150122 150112
150122 150084
150247 150222
150104 150134
150359 150384
150222 150239
150128 150155
150170 150137
150110 150127
150142 150173
150013 149976
150200 150217
150452 150418
150198 150164
150405 150428
150455 150466
150081 150036
150356 150337
150302 150340
150152 150130
150366 150323
150324 150344
150017 150060
150312 150339
150238 150269
150189 150215
150055 150069
150063 150078
150377 150349
150180 150209
150265 150278
150395 150416
150355 150327
150186 150232
150227 150178
150378 150365
150128 150084
150444 150433
150310 150356
150260 150274
150354 150333
150238 150251
150154 150186
150104 150145
150419 150369
150203 150219
150215 150202
150073 150055
150339 150388
150125 150140
150315 150343
150311 150261
150276 150258
150009 149979
150084 150053
150031 150020
150294 150340
150269 150303
150270 150242
150311 150353
150321 150272
150332 150304
150231 150191
150190 150154
150334 150356
150392 150359
150396 150355
150094 150063
150252 150290
150218 150176
150215 150183
150068 150028
150189 150177
150129 150102
150460 150427
150258 150283
150417 150454
150318 150280
150331 150304
150354 150382
150386 150423
150377 150416
150238 150276
150287 150302
150270 150236
150183 150211
150458 150479
150402 150440
150352 150375
150263 150239
150008 149969
150399 150435
150353 150323
150387 150412
150335 150297
150070 150060
150106 150074
150324 150274
150068 150058
150257 150267
150379 150420
150432 150450
150434 150474
150023 149978
150434 150398
150218 150180
150422 150454
150262 150306
150257 150242
150076 150051
150379 150413
150303 150263
150132 150121
150106 150150
150044 150091
150101 150085
150078 150109
150085 150045
150317 150334
150310 150331
150401 150371
150253 150229
150019 149995
150363 150321
150013 149972
150330 150379
150098 150060
150096 150132
150095 150080
150356 150403
150328 150370
150075 150062
150486 150441
150086 150116
150434 150395
150387 150430
150326 150302
150187 150159
150066 150032
150223 150188
150386 150399
150262 150219
150115 150139
150278 150320
150350 150383
150221 150270
150338 150324
150437 150471
150425 150461
150032 150012
150159 150147
150178 150223
150126 150175
150383 150402
150335 150381
150451 150433
150287 150269
150399 150446
150413 150437
150128 150102
150497 150526
150007 149986
150177 150138
150304 150268
150176 150159
150276 150319
150203 150180
150016 149990
150456 150493
150084 150040
150006 149964
150219 150253
150239 150256
150202 150188
150008 150023
150250 150266
150435 150387
150065 150089
150253 150206
150369 150410
150444 150415
150333 150376
150068 150109
150374 150333
150345 150306
150271 150303
150138 150183
150302 150286
150473 150494
150089 150110
150369 150321
150135 150086
150161 150194
150152 150177
150096 150136
150011 150035
150060 150092
150062 150099
150423 150439
150235 150212
150274 150247
150315 150349
150179 150191
150381 150357
150427 150452
150421 150456
150250 150265
150421 150431
150231 150190
150332 150309
150310 150339
150365 150320
150226 150200
150309 150283
150335 150288
150167 150178
150309 150281
150089 150106
150095 150113
150009 150042
150003 149954
150279 150322
150218 150178
150002 150023
150109 150124
150191 150209
150440 150473
150100 150148
150237 150227
150004 150039
150451 150415
150164 150129
150314 150288
150304 150291
150465 150416
150418 150380
150097 150047
150239 150267
150314 150338
150279 150252
150356 150312
150138 150091
150409 150457
150078 150098
150416 150441
150206 150166
150228 150202
150334 150285
150051 150086
150489 150513
150467 150487
150093 150134
150477 150453
150404 150450
150091 150111
150458 150507
150091 150063
150411 150383
150465 150415
150398 150353
150073 150052
150239 150190
150134 150108
150398 150382
150363 150319
150071 150050
150383 150352
150477 150431
150101 150134
150406 150382
150250 150238
150153 150125
150294 150321
150165 150136
150204 150224
150425 150387
150372 150403
150310 150282
150391 150401
150188 150174
150439 150398
150393 150426
150157 150202
150215 150255
150149 150197
150253 150219
150134 150113
150143 150123
150084 150043
150206 150229
150407 150427
150419 150439
150465 150496
150442 150395
150244 150222
150289 150316
150103 150053
150162 150116
150061 150027
150181 150161
150209 150226
150470 150503
150453 150466
150439 150466
150134 150116
150178 150208
150040 150015
150088 150063
150223 150207
150143 150099
150412 150425
150414 150442
150166 150131
150315 150333
150211 150193
150175 150141
150376 150328
150122 150160
150392 150363
150118 150090
150361 150337
150250 150281
150040 150090
150124 150075
150343 150296
150371 150384
150452 150432
150014 150032
150405 150394
150296 150286
150420 150404
150104 150089
150078 150118
150179 150168
150259 150212
150294 150319
150043 150013
150316 150327
150291 150320
150387 150363
150177 150192
150371 150327
150354 150323
150085 150054
150334 150380
150444 150413
150364 150344
150127 150152
150037 149991
150188 150216
150287 150324
150326 150355
150291 150308
150395 150442
150340 150374
150265 150283
150254 150228
150031 150018
150362 150339
150449 150400
150340 150383
150119 150161
150485 150516
150135 150097
150339 150321
150050 150088
150470 150485
150432 150403
150122 150157
150472 150493
150406 150451
150157 150204
150423 150466
150232 150211
150151 150192
150431 150456
150443 150395
150260 150301
150033 150063
150394 150420
150282 150318
150080 150107
150108 150138
150479 150506
150221 150246
150160 150129
150235 150273
150043 150027
150267 150284
150468 150448
150045 150023
150139 150094
150497 150484
150484 150466
150461 150484
150295 150344
150306 150291
150276 150295
150255 150298
150255 150213
150314 150274
150490 150440
150257 150294
150292 150271
150284 150251
150126 150097
150250 150239
150077 150114
150355 150365
150146 150159
150248 150227
150424 150456
150310 150297
150129 150176
150175 150208
150361 150381
150095 150141
150385 150371
150300 150325
150238 150272
150283 150242
150359 150408
150476 150522
150106 150144
150192 150208
150102 150063
150251 150241
150262 150231
150363 150331
150322 150337
150391 150422
150073 150090
150391 150402
150156 150130
150031 150052
150462 150425
150090 150140
150258 150279
150164 150127
150055 150101
150340 150327
150373 150341
150127 150167
150302 150332
150370 150412
150305 150282
150334 150355
150256 150279
150207 150227
150488 150476
150156 150204
150057 150067
150428 150451
150337 150292
150048 150079
150209 150241
150287 150305
150029 149999
150263 150214
150044 150078
150484 150441
150129 150106
150310 150357
150305 150257
150297 150325
150351 150302
150118 150099
150342 150326
150197 150183
150132 150094
150436 150466
150496 150546
150330 150282
150394 150419
150013 150027
150235 150221
150342 150297
150452 150485
150086 150053
150472 150461
150056 150086
150280 150307
150454 150499
150058 150081
150100 150074
150266 150284
150104 150123
150265 150277
150322 150276
150310 150285
150035 149985
150364 150380
150141 150188
150242 150255
150306 150351
150085 150054
150188 150159
150277 150249
150100 150062
150489 150471
150180 150134
150304 150292
150428 150413
150266 150255
150373 150413
150381 150400
150226 150207
150203 150183
150401 150377
150452 150440
150211 150231
150180 150151
150489 150502
150031 150008
150157 150182
150318 150364
150452 150411
150440 150452
150157 150204
150239 150212
150115 150131
150349 150399
150258 150240
150358 150385
150428 150442
150032 150001
150176 150189
150366 150350
150223 150261
150444 150465
150491 150480
150093 150045
150364 150351
150444 150423
150133 150121
150216 150177
150413 150381
150345 150319
150282 150237
150215 150243
150222 150199
150079 150029
150363 150325
150253 150204
150311 150292
150406 150444
150343 150293
150236 150187
150376 150344
150084 150060
150099 150131
150120 150136
150026 150065
150289 150261
150141 150173
150198 150245
150329 150370
150252 150211
150061 150098
150331 150374
150367 150352
150421 150372
150457 150474
150455 150471
150379 150428
150398 150436
150013 150023
150468 150425
150252 150284
150357 150396
150077 150059
150032 150002
150346 150373
150397 150436
150418 150377
150350 150369
150328 150297
150015 150039
150263 150236
150443 150476
150446 150418
150361 150328
150254 150210
150124 150114
150170 150140
150255 150297
150119 150075
150079 150128
150421 150471
150376 150394
150000 150019
150425 150451
150114 150139
150332 150322
150346 150311
150049 150038
150244 150280
150370 150402
150307 150268
150387 150354
150167 150178
150063 150045
150259 150296
150332 150306
150496 150478
150150 150184
150315 150330
150209 150187
150456 150480
150387 150356
150320 150354
150392 150357
150270 150287
150062 150087
150139 150119
150074 150036
150161 150139
150046 150063
150095 150145
150217 150169
150334 150365
150120 150150
150188 150170
150413 150440
150342 150391
150183 150134
150447 150397
150132 150115
150159 150128
150214 150241
150260 150247
150261 150228
150330 150343
150478 150435
150318 150281
150106 150119
150242 150220
150274 150313
150203 150184
150482 150528
150360 150323
150239 150266
150325 150303
150196 150169
150349 150392
150400 150366
150046 150089
150390 150403
150372 150339
150418 150450
150179 150161
150411 150380
150007 150049
150166 150188
150199 150158
150088 150055
150059 150049
150298 150323
150427 150383
150035 150003
150462 150420
150023 150050
150087 150114
150052 150075
150499 150528
150447 150435
150298 150251
150077 150116
150475 150430
150195 150209
150335 150357
150229 150211
150161 150150
150049 150001
150239 150271
150293 150265
150221 150185
150397 150355
150368 150333
150192 150205
150008 150036
150476 150522
150073 150054
150147 150113
150481 150498
150407 150394
150414 150462
150245 150195
150091 150063
150155 150170
150002 149955
150169 150134
150112 150101
150349 150375
150005 150030
150367 150377
150189 150145
150385 150420
150499 150455
150359 150400
150205 150249
150298 150331
150117 150132
150425 150453
150345 150356
150492 150482
150205 150188
150283 150258
150129 150155
150036 149995
150191 150205
150047 150058
150012 149968
150200 150218
150437 150404
150270 150259
150419 150408
150486 150476
150034 150013
150017 149977
150350 150400
150298 150333
150376 150422
150445 150396
150306 150258
150027 150052
150326 150278
150140 150161
150049 150006
150117 150095
150073 150115
150115 150078
150393 150379
150147 150124
150161 150137
150007 150019
150320 150292
150340 150370
150237 150225
150009 150027
150147 150164
150412 150400
150056 150031
150021 150051
150411 150394
150102 150080
150006 149970
150219 150190
150002 150044
150227 150253
150440 150480
150255 150217
150135 150095
150466 150431
150293 150306
150440 150429
150215 150260
150142 150168
150460 150430
150359 150311
150208 150219
150391 150343
150055 150007
150240 150215
150232 150183
150499 150480
150422 150384
150297 150334
150426 150380
150194 150237
150498 150450
150111 150067
150124 150099
150359 150346
150283 150330
150095 150073
150069 150042
150447 150430
150188 150223
150004 149967
150423 150442
150277 150234
150460 150495
150050 150084
150248 150276
150234 150187
150201 150226
150324 150348
150107 150134
150197 150216
150365 150349
150311 150272
150233 150218
150421 150456
150159 150148
150433 150445
150070 150035
150394 150351
150421 150466
150197 150162
150225 150251
150258 150225
150015 150036
150187 150200
150389 150405
150460 150480
150100 150150
150437 150472
150194 150225
150404 150356
150142 150166
150407 150380
150083 150070
150140 150166
150370 150400
150001 149974
150307 150262
150470 150457
150124 150158
150368 150386
150311 150330
150146 150121
150111 150083
150180 150193
150350 150374
150394 150372
150371 150326
150092 150122
150422 150378
150091 150120
150107 150057
150294 150333
150240 150259
150467 150418
150280 150327
150097 150075
150097 150053
150420 150380
150376 150351
150248 150262
150066 150105
150299 150275
150258 150294
150055 150043
150094 150071
150278 150328
150158 150177
150363 150399
150351 150374
150479 150444
150214 150191
150363 150347
150423 150392
150369 150383
150480 150497
150248 150269
150353 150326
150373 150336
150465 150419
150288 150321
150408 150445
150406 150424
150222 150268
150484 150474
150120 150165
150009 150043
150451 150439
150261 150281
150088 150131
150342 150360
150143 150167
150190 150203
150206 150223
150251 150294
150044 150066
150131 150084
150205 150255
150459 150478
150272 150230
150258 150210
150306 150277
150272 150304
150394 150346
150211 150182
150378 150346
150250 150230
150088 150044
150469 150486
150109 150059
150155 150170
150361 150351
150494 150477
150274 150254
150095 150063
150013 150041
150206 150234
150436 150393
150127 150172
150226 150179
150161 150200
150454 150427
150195 150211
150497 150528
150419 150380
150484 150447
150443 150482
150203 150160
150152 150109
150408 150359
150183 150146
150146 150182
150214 150227
150305 150294
150263 150235
150486 150441
150412 150434
150003 149956
150387 150425
150248 150272
150358 150325
150041 150031
150486 150448
150353 150329
150413 150400
150265 150298
150047 150087
150180 150222
150134 150170
150372 150391
150278 150231
150173 150204
150409 150448
150132 150096
150257 150306
150049 150097
150213 150228
150444 150412
150230 150262
150443 150418
150012 149986
150198 150245
150266 150292
150045 150069
150341 150315
150048 150089
150071 150047
150016 150031
150392 150428
150005 150046
150039 150011
150134 150166
150186 150136
150087 150073
150046 150019
150355 150392
150490 150446
150395 150346
150215 150172
150013 150023
150192 150207
150257 150243
150104 150065
150335 150303
150191 150168
150303 150319
150185 150139
150140 150165
150327 150351
150283 150327
150028 150017
150105 150083
150284 150303
150453 150407
150402 150370
150289 150278
150444 150418
150431 150478
150450 150413
150019 149996
150011 150059
150466 150430
150233 150270
150453 150432
150252 150299
150014 150001
150243 150274
150216 150266
150065 150079
150133 150180
150283 150300
150382 150343
150288 150258
150231 150280
150239 150228
150404 150442
150253 150268
150385 150370
150468 150428
150145 150105
150220 150193
150253 150239
150243 150286
150112 150080
150347 150336
150066 150049
150181 150230
150174 150138
150415 150430
150160 150172
150416 150444
150053 150086
150261 150235
150066 150033
150157 150117
150158 150205
150289 150269
150408 150434
150492 150510
150202 150251
150025 150052
150273 150241
150368 150320
150278 150228
150487 150474
150399 150360
150059 150101
150022 149990
150253 150289
150157 150107
150480 150453
150357 150379
150277 150242
150467 150486
150470 150458
150255 150231
150474 150441
150448 150494
150390 150403
150322 150311
150391 150373
150467 150430
150181 150156
150413 150460
150194 150168
150100 150126
150114 150071
150421 150442
150482 150456
150147 150103
150167 150124
150060 150076
150074 150053
150493 150463
150325 150311
150417 150370
150236 150192
150230 150203
150243 150272
150294 150305
150275 150228
150099 150114
150049 150096
150389 150417
150436 150483
150481 150438
150462 150503
150103 150093
150450 150486
150047 150068
150481 150522
150164 150140
150263 150224
150112 150128
150033 150007
150488 150463
150021 150062
150117 150088
150084 150108
150472 150423
150395 150354
150015 150061
150009 149960
150375 150334
150213 150192
150384 150359
150162 150193
150197 150163
150384 150412
150070 150043
150381 150420
150435 150448
150104 150153
150366 150390
150474 150432
150313 150272
150422 150469
150485 150452
150148 150191
150474 150453
150097 150136
150176 150196
150220 150231
150020 149993
150135 150111
150296 150271
150452 150477
150245 150204
150095 150118
150492 150480
150012 150056
150323 150358
150438 150479
150045 150034
150015 149980
150431 150473
150179 150141
150329 150343
150304 150283
150356 150382
150022 149977
150227 150197
150401 150415
150387 150401
150455 150431
150286 150328
150105 150130
150255 150270
150145 150193
150172 150213
150342 150328
150199 150161
150085 150070
150088 150116
150050 150062
150341 150354
150257 150246
150438 150421
150052 150092
150098 150081
150351 150398
150428 150396
150350 150336
150418 150389
150495 150459
150400 150379
150472 150494
150355 150322
150256 150281
150352 150313
150136 150110
150050 150090
150250 150286
150168 150178
150133 150121
150079 150129
150460 150494
150220 150201
150071 150041
150334 150356
150350 150332
150292 150321
150385 150359
150053 150066
150189 150206
150217 150230
150268 150233
150055 150104
150098 150112
150030 149997
150269 150294
150025 150060
150051 150034
150298 150265
150092 150064
150455 150494
150268 150287
150384 150358
150090 150134
150216 150170
150180 150148
150401 150374
150068 150024
150291 150259
150171 150155
150130 150088
150122 150078
150469 150493
150338 150308
150407 150387
150200 150189
150464 150415
150132 150112
150017 150036
150343 150371
150204 150189
150398 150412
150035 150058
150317 150354
150055 150006
150347 150305
150118 150090
150030 150074
150151 150132
150109 150134
150353 150334
150259 150280
150425 150442
150214 150259
150101 150113
150363 150383
150331 150341
150122 150135
150292 150268
150046 150027
150183 150205
150237 150264
150081 150032
150164 150179
150076 150035
150434 150466
150131 150154
150491 150470
150048 150061
150281 150322
150324 150293
150025 150036
150241 150203
150324 150295
150332 150308
150399 150365
150327 150283
150035 149989
150161 150144
150008 150019
150466 150476
150262 150232
150291 150252
150427 150475
150095 150129
150423 150374
150151 150185
150193 150172
150052 150066
150341 150384
150029 150072
150397 150361
150326 150362
150451 150411
150162 150127
150243 150218
150449 150399
150106 150147
150431 150395
150125 150113
150096 150070
150206 150248
150383 150430
150413 150424
150038 149988
150402 150360
150126 150143
150423 150395
150219 150242
150434 150404
150054 150027
150380 150425
150160 150206
150041 150026
150109 150084
150082 150094
150439 150419
150031 150062
150469 150438
150293 150268
150137 150117
150205 150184
150439 150413
150400 150437
150125 150158
150194 150214
150248 150217
150148 150176
150058 150012
150354 150404
150058 150097
150153 150110
150325 150341
150349 150381
150085 150048
150074 150104
150367 150392
150481 150518
150298 150335
150082 150130
150027 150062
150081 150104
150400 150389
150323 150307
150415 150435
150345 150335
150494 150456
150175 150194
150265 150310
150099 150119
150252 150232
150064 150035
150010 150050
150165 150189
150441 150482
150219 150255
150218 150245
150338 150325
150288 150246
150486 150536
150462 150424
150092 150134
150017 150059
150340 150320
150383 150364
150335 150368
150411 150392
150128 150178
150429 150379
150330 150373
150283 150266
150230 150215
150220 150184
150256 150221
150250 150231
150341 150366
150496 150482
150434 150473
150284 150245
150181 150227
150197 150207
150326 150371
150054 150029
150315 150349
150484 150512
150222 150209
150465 150481
150013 150039
150172 150192
150041 150061
150325 150313
150059 150010
150286 150305
150431 150446
150184 150172
150261 150275
150169 150217
150125 150081
150134 150168
150492 150527
150362 150375
150316 150279
150206 150174
150434 150481
150481 150466
150325 150359
150045 150091
150100 150143
150150 150120
150371 150357
150428 150472
150173 150200
150231 150273
150140 150124
150163 150121
150203 150214
150155 150121
150225 150204
150140 150154
150247 150208
150111 150089
150208 150180
150161 150173
150408 150448
150246 150217
150201 150154
150410 150438
150472 150445
150393 150424
150123 150137
150096 150083
150472 150446
150022 150037
150316 150278
150342 150293
150318 150268
150468 150485
150257 150273
150155 150195
150005 150050
150183 150167
150212 150227
150331 150341
150135 150115
150003 149974
150246 150218
150164 150153
150205 150217
150252 150298
150203 150156
150271 150256
150481 150459
150402 150449
150135 150090
150222 150256
150092 150076
150052 150077
150372 150332
150041 150055
150145 150100
150036 150055
150320 150284
150036 150071
150151 150188
150223 150262
150183 150144
150413 150395
150190 150151
150455 150487
150147 150108
150420 150401
150407 150388
150378 150342
150244 150266
150317 150280
150133 150178
150430 150478
150335 150292
150125 150152
150035 150057
150304 150332
150358 150340
150126 150162
150417 150453
150289 150319
150124 150141
150365 150342
150390 150427
150306 150325
150059 150094
150189 150154
150051 150075
150349 150388
150116 150093
150124 150138
150348 150389
150424 150440
150116 150157
150494 150514
150082 150046
150027 150039
150082 150066
150234 150250
150468 150440
150447 150399
150178 150138
150458 150494
150194 150173
150492 150480
150161 150193
150338 150373
150068 150118
150118 150151
150333 150304
150413 150442
150423 150457
150396 150372
150440 150418
150069 150118
150249 150223
150142 150162
150265 150230
150311 150326
150284 150308
150379 150416
150074 150051
150153 150177
150241 150253
150106 150096
150133 150119
150437 150458
150015 149987
150449 150438
150499 150469
150194 150243
150361 150324
150496 150468
150110 150060
150005 150049
150252 150278
150223 150256
150106 150087
150298 150252
150106 150116
150358 150336
150153 150174
150101 150068
150364 150337
150327 150314
150151 150121
150382 150339
150421 150447
150489 150465
150091 150141
150401 150415
150447 150468
150431 150451
150156 150106
150184 150195
150256 150286
150468 150455
150376 150352
150249 150298
150161 150175
150377 150329
150365 150325
150174 150206
150343 150298
150033 149996
150389 150369
150224 150200
150190 150215
150339 150350
150168 150139
150354 150342
150252 150297
150339 150303
150140 150188
150165 150182
150265 150225
150433 150443
150309 150354
150296 150258
150042 150052
150114 150150
150006 149982
150016 150003
150334 150350
150338 150382
150216 150228
150442 150472
150476 150522
150299 150266
150391 150344
150124 150148
150207 150218
150467 150509
150285 150307
150160 150137
150328 150292
150293 150326
150302 150314
150494 150464
150481 150504
150090 150068
150439 150459
150385 150369
150093 150082
150201 150151
150208 150226
150192 150202
150426 150409
150456 150486
150463 150509
150269 150253
150186 150203
150285 150310
150107 150078
150199 150244
150118 150140
150459 150476
150118 150069
150447 150497
150320 150341
150293 150315
150027 150053
150175 150140
150055 150014
150269 150243
150494 150478
150239 150199
150023 150011
150453 150437
150466 150488
150047 150067
150231 150205
150113 150153
150012 149964
150248 150272
150337 150306
150149 150191
150369 150339
150308 150337
150389 150364
150315 150361
150170 150124
150202 150251
150062 150027
150357 150372
150462 150506
150049 150080
150269 150235
150109 150094
150065 150110
150284 150298
150298 150339
150330 150368
150051 150099
150255 150300
150079 150117
150164 150133
150454 150472
150223 150184
150028 149997
150313 150297
150154 150120
150496 150531
150450 150465
150028 150015
150088 150119
150090 150045
150314 150295
150471 150490
150114 150077
150014 149987
150333 150357
150153 150167
150077 150066
150327 150348
150168 150147
150213 150165
150121 150146
150118 150076
150383 150350
150336 150356
150141 150092
150083 150131
150381 150427
150160 150173
150488 150455
150373 150348
150444 150406
150445 150407
150167 150198
150068 150094
150268 150234
150147 150121
150195 150160
150491 150479
150461 150450
150480 150442
150487 150526
150469 150429
150298 150337
150146 150099
150151 150178
150460 150500
150265 150250
150082 150117
150496 150449
150010 150045
150064 150095
150444 150481
150475 150426
150317 150276
150253 150290
150067 150028
150472 150485
150185 150167
150458 150496
150425 150467
150049 150083
150327 150316
150263 150308
150404 150438
150324 150336
150027 150058
150465 150424
150323 150353
150045 150080
150295 150273
150070 150029
150154 150127
150359 150388
150373 150328
150408 150363
150256 150243
150477 150488
150021 150062
150281 150300
150181 150134
150418 150429
150074 150032
150162 150114
150490 150453
150383 150371
150182 150197
150048 150064
150375 150350
150049 150071
150372 150355
150444 150394
150399 150358
150433 150392
150157 150196
150108 150089
150186 150200
150011 149970
150291 150331
150444 150475
150013 149965
150062 150105
150155 150199
150379 150396
150242 150284
150023 150049
150353 150342
150163 150174
150021 150007
150334 150352
150294 150314
150134 150168
150165 150123
150334 150314
150413 150434
150275 150244
150336 150318
150126 150095
150339 150295
150239 150279
150097 150140
150215 150179
150150 150111
150357 150391
150221 150197
150061 150088
150200 150167
150036 150071
150262 150251
150073 150083
150376 150407
150257 150210
150171 150204
150126 150176
150059 150078
150146 150121
150196 150218
150102 150126
150326 150361
150192 150226
150169 150154
150053 150077
150145 150132
150455 150417
150467 150432
150119 150151
150399 150410
150196 150156
150369 150319
150331 150317
150196 150229
150022 149994
150488 150514
150467 150505
150491 150445
150161 150128
150482 150456
150310 150299
150469 150499
150419 150403
150415 150428
150167 150123
150079 150029
150206 150158
150138 150166
150011 150021
150209 150192
150425 150391
150018 149990
150448 150417
150173 150161
150019 150034
150269 150295
150390 150357
150346 150332
150283 150295
150239 150191
150232 150272
150300 150330
150304 150291
150412 150451
150461 150491
150078 150099
150494 150535
150009 149982
150267 150242
150363 150321
150250 150265
150255 150244
150012 150027
150451 150407
150159 150120
150430 150440
150237 150226
150267 150280
150317 150354
150036 149993
150153 150183
150464 150514
150469 150508
150057 150100
150101 150119
150157 150203
150115 150137
150236 150251
150282 150298
150277 150267
150483 150512
150452 150466
150027 150004
150306 150320
150493 150514
150000 149953
150022 150002
150257 150305
150477 150441
150215 150197
150454 150412
150088 150077
150128 150095
150123 150110
150297 150262
150488 150525
150109 150122
150023 150034
150142 150182
150191 150150
150464 150416
150394 150408
150350 150314
150389 150439
150384 150338
150080 150066
150255 150298
150432 150464
150091 150110
150182 150202
150356 150388
150092 150071
150023 149973
150152 150189
150402 150425
150014 149966
150153 150104
150433 150383
150202 150222
150464 150429
150310 150331
150489 150460
150041 150090
150452 150442
150011 149975
150051 150087
150478 150497
150201 150185
150070 150029
150205 150250
150393 150374
150332 150349
150080 150043
150376 150335
150364 150323
150455 150408
150342 150300
150231 150247
150172 150201
150493 150536
150226 150207
150466 150416
150468 150420
150163 150121
150277 150230
150106 150140
150469 150516
150124 150082
150129 150083
150244 150265
150399 150430
150478 150432
150187 150168
150356 150323
150032 150047
150275 150298
150228 150275
150484 150473
150272 150240
150165 150150
150441 150483
150153 150111
150050 150001
150178 150156
150125 150150
150163 150149
150172 150201
150142 150098
150321 150367
150273 150242
150499 150522
150084 150107
150374 150341
150256 150296
150110 150064
150200 150179
150006 150056
150016 149972
150003 149988
150151 150180
150456 150425
150112 150085
150449 150473
150370 150420
150336 150372
150053 150035
150366 150347
150022 149980
150377 150356
150349 150368
150121 150073
150298 150318
150102 150071
150279 150324
150044 150086
150170 150199
150400 150412
150208 150242
150161 150175
150003 149987
150217 150176
150277 150314
150418 150445
150352 150328
150213 150263
150051 150003
150419 150383
150081 150039
150088 150101
150378 150406
150025 150070
150487 150531
150391 150373
150074 150050
150013 149963
150114 150125
150442 150432
150309 150320
150379 150408
150041 150067
150285 150332
150399 150419
150162 150117
150058 150074
150491 150456
150372 150336
150051 150066
150273 150225
150018 149986
150083 150050
150437 150423
150013 149997
150088 150074
150126 150116
150112 150093
150264 150252
150327 150373
150360 150410
150163 150177
150193 150235
150248 150203
150422 150447
150498 150469
150474 150497
150388 150357
150156 150120